Species	Sex	FL	RW	CL	CW	BD
1	1	8.10	6.70	1.61	1.90	0.70
1	1	8.80	7.70	1.81	2.08	0.74
1	1	9.20	7.80	1.90	2.24	0.77
1	1	9.60	7.90	2.01	2.31	0.82
1	1	9.80	8.00	2.03	2.30	0.82
1	1	10.80	9.00	2.30	2.65	0.98
1	1	11.10	9.90	2.38	2.71	0.98
1	1	11.60	9.10	2.45	2.84	1.04
1	1	11.80	9.60	2.42	2.78	0.97
1	1	11.80	10.50	2.52	2.93	1.03
1	1	12.20	10.80	2.73	3.16	1.09
1	1	12.30	11.00	2.68	3.15	1.14
1	1	12.60	10.00	2.77	3.17	1.14
1	1	12.80	10.20	2.72	3.18	1.09
1	1	12.80	10.90	2.74	3.15	1.10
1	1	12.90	11.00	2.68	3.09	1.14
1	1	13.10	10.60	2.82	3.23	1.10
1	1	13.10	10.90	2.83	3.24	1.12
1	1	13.30	11.10	2.78	3.23	1.13
1	1	13.90	11.10	2.92	3.33	1.21
1	1	14.30	11.60	3.13	3.55	1.27
1	1	14.60	11.30	3.19	3.64	1.37
1	1	15.00	10.90	3.14	3.64	1.32
1	1	15.00	11.50	3.24	3.70	1.34
1	1	15.00	11.90	3.25	3.72	1.36
1	1	15.20	12.10	3.23	3.67	1.36
1	1	15.40	11.80	3.30	3.75	1.36
1	1	15.70	12.60	3.58	4.03	1.45
1	1	15.90	12.70	3.40	3.89	1.42
1	1	16.10	11.60	3.38	3.90	1.44
1	1	16.10	12.80	3.49	4.07	1.57
1	1	16.20	13.30	3.60	4.17	1.54
1	1	16.30	12.70	3.56	4.09	1.49
1	1	16.40	13.00	3.57	4.18	1.52
1	1	16.60	13.50	3.81	4.34	1.49
1	1	16.80	12.80	3.62	4.18	1.49
1	1	16.90	13.20	3.73	4.27	1.56
1	1	17.10	12.60	3.64	4.20	1.51
1	1	17.10	12.70	3.67	4.19	1.56
1	1	17.20	13.50	3.76	4.39	1.61
1	1	17.70	13.60	3.87	4.45	1.60
1	1	17.90	14.10	3.97	4.46	1.68
1	1	18.00	13.70	3.92	4.44	1.62
1	1	18.80	15.80	4.21	4.90	1.78
1	1	19.30	13.50	4.16	4.74	1.78
1	1	19.30	13.80	4.09	4.65	1.68
1	1	19.70	15.30	4.19	4.85	1.78
1	1	19.80	14.20	4.32	4.97	1.86
1	1	19.80	14.30	4.24	4.89	1.83
1	1	21.30	15.70	4.71	5.46	2.00
1	2	7.20	6.50	1.47	1.71	0.61
1	2	9.00	8.50	1.93	2.27	0.77
1	2	9.10	8.10	1.85	2.16	0.77
1	2	9.10	8.20	1.92	2.22	0.77
1	2	9.50	8.20	1.96	2.24	0.78
1	2	9.80	8.90	2.04	2.39	0.88
1	2	10.10	9.30	2.09	2.44	0.84
1	2	10.30	9.50	2.13	2.47	0.89
1	2	10.40	9.70	2.17	2.54	0.83
1	2	10.80	9.50	2.25	2.63	0.91
1	2	11.00	9.80	2.25	2.57	0.82
1	2	11.20	10.00	2.28	2.69	0.94
1	2	11.50	11.00	2.47	2.92	1.01
1	2	11.60	11.00	2.46	2.85	1.04
1	2	11.60	11.40	2.37	2.77	1.00
1	2	11.70	10.60	2.49	2.85	1.04
1	2	11.90	11.40	2.60	3.01	1.09
1	2	12.00	10.70	2.46	2.89	1.05
1	2	12.00	11.10	2.54	2.92	1.10
1	2	12.60	12.20	2.61	3.16	1.12
1	2	12.80	11.70	2.71	3.12	1.19
1	2	12.80	12.20	2.67	3.11	1.11
1	2	12.80	12.20	2.79	3.19	1.15
1	2	13.00	11.40	2.73	3.18	1.13
1	2	13.10	11.50	2.76	3.26	1.11
1	2	13.20	12.20	2.79	3.21	1.15
1	2	13.40	11.80	2.84	3.27	1.17
1	2	13.70	12.50	2.86	3.38	1.19
1	2	13.90	13.00	3.00	3.49	1.31
1	2	14.70	12.50	3.01	3.47	1.25
1	2	14.90	13.20	3.01	3.56	1.20
1	2	15.00	13.80	3.17	3.69	1.40
1	2	15.00	14.20	3.28	3.74	1.40
1	2	15.10	13.30	3.18	3.63	1.35
1	2	15.10	13.50	3.19	3.70	1.38
1	2	15.10	13.80	3.17	3.66	1.30
1	2	15.20	14.30	3.39	3.85	1.47
1	2	15.30	14.20	3.26	3.83	1.38
1	2	15.40	13.30	3.24	3.76	1.38
1	2	15.50	13.80	3.34	3.87	1.47
1	2	15.60	13.90	3.28	3.79	1.34
1	2	15.60	14.70	3.39	3.95	1.43
1	2	15.70	13.90	3.36	3.85	1.41
1	2	15.80	15.00	3.45	4.03	1.53
1	2	16.20	15.20	3.45	4.01	1.39
1	2	16.40	14.00	3.42	3.98	1.52
1	2	16.70	16.10	3.66	4.19	1.54
1	2	17.40	16.90	3.82	4.41	1.66
1	2	17.50	16.70	3.86	4.45	1.70
1	2	19.20	16.50	4.09	4.79	1.81
2	1	9.10	6.90	1.67	1.86	0.74
2	1	10.20	8.20	2.02	2.22	0.90
2	1	10.70	8.60	2.07	2.27	0.92
2	1	11.40	9.00	2.27	2.48	1.01
2	1	12.50	9.40	2.32	2.60	1.08
2	1	12.50	9.40	2.42	2.70	1.12
2	1	12.70	10.40	2.60	2.88	1.21
2	1	13.20	11.00	2.71	3.04	1.22
2	1	13.40	10.10	2.66	2.96	1.20
2	1	13.70	11.00	2.75	3.05	1.22
2	1	14.00	11.50	2.92	3.22	1.31
2	1	14.10	10.40	2.89	3.18	1.35
2	1	14.10	10.50	2.91	3.16	1.31
2	1	14.10	10.70	2.87	3.19	1.33
2	1	14.20	10.60	2.87	3.17	1.29
2	1	14.20	10.70	2.78	3.09	1.27
2	1	14.20	11.30	2.92	3.22	1.35
2	1	14.60	11.30	2.99	3.35	1.28
2	1	14.70	11.10	2.90	3.21	1.31
2	1	15.10	11.40	3.02	3.33	1.40
2	1	15.10	11.50	3.09	3.40	1.39
2	1	15.40	11.10	3.02	3.36	1.35
2	1	15.70	12.20	3.17	3.42	1.42
2	1	16.20	11.80	3.23	3.53	1.47
2	1	16.30	11.60	3.16	3.42	1.45
2	1	17.10	12.60	3.50	3.89	1.57
2	1	17.40	12.80	3.61	3.95	1.62
2	1	17.50	12.00	3.44	3.73	1.53
2	1	17.50	12.70	3.46	3.84	1.61
2	1	17.80	12.50	3.60	3.98	1.67
2	1	17.90	12.90	3.69	4.09	1.65
2	1	18.00	13.40	3.67	4.13	1.71
2	1	18.20	13.70	3.88	4.27	1.72
2	1	18.40	13.40	3.79	4.22	1.77
2	1	18.60	13.40	3.78	4.19	1.73
2	1	18.60	13.50	3.69	4.02	1.70
2	1	18.80	13.40	3.72	4.11	1.75
2	1	18.80	13.80	3.92	4.33	1.79
2	1	19.40	14.10	3.91	4.32	1.78
2	1	19.40	14.40	3.98	4.43	1.79
2	1	20.10	13.70	4.06	4.45	1.80
2	1	20.60	14.40	4.28	4.65	1.96
2	1	21.00	15.00	4.29	4.72	1.94
2	1	21.50	15.50	4.55	4.97	2.09
2	1	21.60	15.40	4.57	4.97	2.06
2	1	21.60	14.80	4.34	4.82	2.01
2	1	21.90	15.70	4.54	5.10	2.11
2	1	22.10	15.80	4.46	4.96	2.05
2	1	23.00	16.80	4.72	5.21	2.15
2	1	23.10	15.70	4.76	5.28	2.16
2	2	10.70	9.70	2.14	2.40	0.98
2	2	11.40	9.20	2.17	2.41	0.97
2	2	12.50	10.00	2.41	2.70	1.09
2	2	12.60	11.50	2.50	2.81	1.15
2	2	12.90	11.20	2.58	2.91	1.19
2	2	14.00	11.90	2.70	3.14	1.26
2	2	14.00	12.80	2.88	3.24	1.27
2	2	14.30	12.20	2.81	3.18	1.25
2	2	14.70	13.20	2.96	3.34	1.29
2	2	14.90	13.00	3.00	3.37	1.33
2	2	15.00	12.30	3.01	3.33	1.40
2	2	15.60	13.50	3.12	3.51	1.41
2	2	15.60	14.00	3.16	3.53	1.38
2	2	15.60	14.10	3.10	3.45	1.38
2	2	15.70	13.60	3.10	3.48	1.38
2	2	16.10	13.60	3.16	3.60	1.40
2	2	16.10	13.70	3.14	3.61	1.39
2	2	16.20	14.00	3.16	3.56	1.37
2	2	16.70	14.30	3.23	3.70	1.47
2	2	17.10	14.50	3.31	3.72	1.46
2	2	17.50	14.30	3.45	3.96	1.56
2	2	17.50	14.40	3.45	3.90	1.60
2	2	17.50	14.70	3.33	3.76	1.46
2	2	17.60	14.00	3.40	3.86	1.55
2	2	18.00	14.90	3.47	3.95	1.57
2	2	18.00	16.30	3.79	4.30	1.72
2	2	18.30	15.70	3.51	4.05	1.61
2	2	18.40	15.50	3.56	4.00	1.59
2	2	18.40	15.70	3.65	4.16	1.64
2	2	18.50	14.60	3.70	4.20	1.66
2	2	18.60	14.50	3.47	3.94	1.50
2	2	18.80	15.20	3.58	4.05	1.66
2	2	18.90	16.70	3.63	4.17	1.53
2	2	19.10	16.00	3.78	4.23	1.68
2	2	19.10	16.30	3.79	4.26	1.72
2	2	19.70	16.70	3.99	4.36	1.82
2	2	19.90	16.60	3.94	4.39	1.79
2	2	19.90	17.90	4.01	4.64	1.79
2	2	20.00	16.70	4.04	4.51	1.77
2	2	20.10	17.20	3.98	4.41	1.86
2	2	20.30	16.00	3.94	4.41	1.80
2	2	20.50	17.50	4.00	4.55	1.92
2	2	20.60	17.50	4.15	4.62	1.92
2	2	20.90	16.50	3.99	4.47	1.75
2	2	21.30	18.40	4.38	4.84	2.00
2	2	21.40	18.00	4.12	4.62	1.87
2	2	21.70	17.10	4.17	4.72	1.96
2	2	21.90	17.20	4.26	4.74	1.95
2	2	22.50	17.20	4.30	4.87	1.98
2	2	23.10	20.20	4.62	5.25	2.11
