date	m1	m3	m6	y1	y2	y3	y5	y7	y10	y20
2005-08-01	3.67	3.54	3.47	3.53	3.79	4.06	4.57	4.86	5.07	5.61
2005-08-02	3.65	3.53	3.47	3.56	3.83	4.09	4.62	4.90	5.11	5.63
2005-08-03	3.65	3.53	3.46	3.57	3.89	4.17	4.69	4.97	5.17	5.68
2005-08-04	3.63	3.52	3.47	3.57	3.91	4.22	4.72	4.99	5.20	5.70
2005-08-07	3.62	3.52	3.47	3.56	3.88	4.17	4.71	4.99	5.19	5.70
2005-08-08	3.63	3.52	3.47	3.56	3.90	4.19	4.72	5.00	5.20	5.71
2005-08-09	3.61	3.49	3.41	3.46	3.77	4.05	4.61	4.87	4.99	5.61
2005-08-10	3.61	3.45	3.40	3.48	3.77	4.07	4.66	4.93	5.04	5.64
2005-08-11	3.58	3.43	3.37	3.45	3.73	4.03	4.61	4.88	4.99	5.61
2005-08-14	3.57	3.45	3.37	3.43	3.70	4.00	4.57	4.86	4.97	5.60
2005-08-15	3.54	3.43	3.38	3.46	3.74	4.03	4.59	4.87	4.97	5.61
2005-08-16	3.52	3.43	3.41	3.47	3.80	4.11	4.62	4.90	5.00	5.62
2005-08-17	3.48	3.39	3.36	3.43	3.75	4.04	4.58	4.84	4.95	5.58
2005-08-18	3.46	3.36	3.33	3.39	3.67	3.95	4.49	4.75	4.84	5.51
2005-08-21	3.48	3.42	3.40	3.44	3.74	4.02	4.55	4.81	4.91	5.55
2005-08-22	3.46	3.39	3.35	3.41	3.69	3.96	4.50	4.79	4.87	5.54
2005-08-23	3.46	3.38	3.37	3.44	3.76	4.03	4.53	4.81	4.91	5.53
2005-08-24	3.49	3.40	3.36	3.46	3.72	3.99	4.52	4.79	4.89	5.50
2005-08-25	3.49	3.42	3.37	3.48	3.76	4.03	4.55	4.82	4.93	5.54
2005-08-28	3.52	3.45	3.40	3.51	3.78	4.04	4.57	4.83	4.94	5.56
2005-08-29	3.53	3.41	3.35	3.46	3.71	3.97	4.48	4.73	4.85	5.49
2005-08-30	3.48	3.42	3.33	3.44	3.67	3.92	4.43	4.67	4.78	5.44
2005-08-31	3.41	3.36	3.28	3.38	3.61	3.88	4.42	4.68	4.79	5.45
2005-09-01	3.40	3.37	3.31	3.41	3.64	3.91	4.46	4.72	4.85	5.47
2005-09-05	3.43	3.44	3.43	3.55	3.83	4.10	4.63	4.88	4.99	5.59
2005-09-06	3.49	3.41	3.39	3.47	3.79	4.07	4.61	4.86	4.97	5.57
2005-09-07	3.44	3.34	3.33	3.40	3.65	3.93	4.48	4.73	4.86	5.50
2005-09-08	3.40	3.27	3.20	3.29	3.53	3.82	4.39	4.67	4.80	5.45
2005-09-11	3.40	3.26	3.23	3.31	3.53	3.82	4.41	4.69	4.84	5.50
2005-09-14	2.73	2.74	2.75	2.81	2.99	3.32	4.03	4.41	4.64	5.41
2005-09-15	2.54	2.64	2.67	2.73	2.87	3.17	3.92	4.31	4.57	5.38
2005-09-18	2.47	2.59	2.62	2.72	2.96	3.30	3.99	4.38	4.63	5.44
2005-09-19	2.34	2.48	2.56	2.69	2.96	3.31	4.01	4.46	4.72	5.59
2005-09-20	2.00	2.19	2.33	2.49	2.81	3.18	3.90	4.41	4.69	5.59
2005-09-21	2.04	2.22	2.38	2.56	2.91	3.27	3.97	4.47	4.75	5.67
2005-09-22	2.12	2.25	2.34	2.53	2.91	3.27	3.94	4.43	4.70	5.62
2005-09-25	2.38	2.38	2.39	2.56	2.94	3.30	4.00	4.47	4.73	5.61
2005-09-26	2.58	2.40	2.37	2.51	2.88	3.25	3.97	4.45	4.72	5.60
2005-09-27	2.51	2.38	2.34	2.48	2.82	3.18	3.91	4.39	4.65	5.52
2005-09-28	2.34	2.38	2.31	2.43	2.78	3.15	3.87	4.33	4.58	5.46
2005-09-29	2.28	2.40	2.36	2.49	2.86	3.22	3.93	4.37	4.60	5.45
2005-10-02	2.26	2.37	2.37	2.47	2.82	3.18	3.90	4.33	4.55	5.39
2005-10-03	2.27	2.26	2.27	2.43	2.77	3.14	3.87	4.31	4.53	5.36
2005-10-04	2.21	2.23	2.24	2.38	2.77	3.14	3.86	4.29	4.50	5.34
2005-10-05	2.22	2.21	2.21	2.37	2.75	3.14	3.88	4.29	4.53	5.33
2005-10-06	2.21	2.19	2.18	2.33	2.71	3.10	3.87	4.26	4.52	5.34
2005-10-10	2.24	2.22	2.20	2.35	2.74	3.16	3.96	4.35	4.62	5.42
2005-10-11	2.30	2.22	2.20	2.35	2.78	3.19	3.96	4.35	4.61	5.38
2005-10-12	2.30	2.27	2.26	2.44	2.88	3.30	4.03	4.43	4.69	5.45
2005-10-13	2.31	2.25	2.24	2.40	2.81	3.23	4.01	4.41	4.68	5.45
2005-10-16	2.33	2.25	2.22	2.39	2.78	3.18	3.97	4.36	4.62	5.40
2005-10-17	2.32	2.22	2.20	2.37	2.77	3.16	3.93	4.32	4.59	5.38
2005-10-18	2.34	2.22	2.20	2.37	2.80	3.21	3.93	4.32	4.59	5.35
2005-10-19	2.28	2.19	2.19	2.36	2.77	3.18	3.93	4.32	4.58	5.34
2005-10-20	2.29	2.19	2.17	2.34	2.77	3.19	3.96	4.37	4.63	5.39
2005-10-23	2.29	2.22	2.18	2.35	2.79	3.22	3.98	4.37	4.63	5.38
2005-10-24	2.32	2.20	2.16	2.37	2.81	3.24	4.01	4.40	4.66	5.40
2005-10-25	2.30	2.17	2.13	2.32	2.72	3.15	3.96	4.34	4.61	5.32
2005-10-26	2.27	2.14	2.09	2.26	2.63	3.06	3.89	4.29	4.56	5.28
2005-10-27	2.26	2.14	2.09	2.26	2.63	3.06	3.88	4.26	4.53	5.27
2005-10-30	2.24	2.09	2.04	2.18	2.55	2.99	3.82	4.22	4.50	5.24
2005-10-31	2.17	2.05	1.97	2.11	2.48	2.92	3.76	4.14	4.44	5.21
2005-11-01	2.15	2.05	1.95	2.07	2.44	2.87	3.66	4.03	4.30	5.05
2005-11-02	2.18	2.06	1.99	2.10	2.49	2.91	3.66	4.01	4.24	5.00
2005-11-03	2.09	2.01	1.94	2.07	2.48	2.93	3.77	4.12	4.37	5.14
2005-11-06	2.06	2.01	1.96	2.05	2.46	2.91	3.71	4.07	4.31	5.06
2005-11-07	1.98	1.85	1.83	1.97	2.37	2.76	3.54	4.03	4.30	5.05
2005-11-08	1.93	1.80	1.75	1.93	2.32	2.70	3.47	3.95	4.22	4.95
2005-11-09	1.93	1.84	1.80	2.00	2.42	2.81	3.58	4.05	4.32	5.03
2005-11-10	1.92	1.83	1.82	2.02	2.45	2.86	3.62	4.09	4.34	5.05
2005-11-14	1.94	1.84	1.86	2.07	2.54	2.96	3.69	4.17	4.41	5.10
2005-11-15	1.99	1.87	1.90	2.13	2.70	3.11	3.83	4.31	4.54	5.20
2005-11-16	1.99	1.92	2.01	2.34	2.98	3.41	4.10	4.58	4.79	5.41
2005-11-17	2.02	1.95	2.06	2.41	3.09	3.55	4.24	4.72	4.91	5.52
2005-11-20	2.02	1.94	2.00	2.31	2.92	3.38	4.12	4.58	4.80	5.42
2005-11-21	2.02	1.95	1.99	2.31	2.96	3.41	4.17	4.66	4.88	5.50
2005-11-22	2.00	1.96	2.02	2.38	3.11	3.58	4.31	4.78	4.98	5.59
2005-11-24	2.00	1.95	2.02	2.41	3.20	3.68	4.40	4.83	5.04	5.65
2005-11-27	2.00	1.98	2.04	2.43	3.22	3.70	4.41	4.85	5.05	5.66
2005-11-28	2.01	1.92	1.98	2.36	3.11	3.58	4.32	4.77	4.98	5.64
2005-11-29	1.96	1.87	1.92	2.26	3.12	3.60	4.33	4.76	4.98	5.63
2005-11-30	1.90	1.80	1.80	2.03	2.87	3.33	4.10	4.56	4.79	5.52
2005-12-01	1.87	1.78	1.79	2.06	2.84	3.30	4.08	4.55	4.78	5.54
2005-12-04	1.85	1.78	1.81	2.08	2.82	3.28	4.04	4.51	4.75	5.49
2005-12-05	1.81	1.74	1.80	2.07	2.81	3.30	3.99	4.46	4.70	5.43
2005-12-06	1.77	1.77	1.88	2.27	3.07	3.55	4.24	4.70	4.92	5.61
2005-12-07	1.73	1.75	1.91	2.35	3.19	3.70	4.38	4.83	5.04	5.72
2005-12-08	1.69	1.69	1.81	2.26	3.19	3.72	4.50	4.98	5.20	5.90
2005-12-11	1.68	1.71	1.79	2.17	3.10	3.63	4.46	4.95	5.17	5.86
2005-12-12	1.66	1.66	1.73	2.12	3.03	3.56	4.38	4.89	5.13	5.83
2005-12-13	1.69	1.67	1.74	2.13	2.97	3.48	4.29	4.78	5.02	5.74
2005-12-14	1.69	1.69	1.78	2.20	3.09	3.62	4.40	4.90	5.13	5.81
2005-12-15	1.70	1.73	1.81	2.22	3.20	3.73	4.52	5.01	5.24	5.89
2005-12-18	1.72	1.74	1.84	2.24	3.21	3.74	4.54	5.03	5.26	5.91
2005-12-19	1.72	1.71	1.81	2.24	3.13	3.66	4.46	4.93	5.16	5.81
2005-12-20	1.69	1.69	1.80	2.23	3.11	3.63	4.38	4.84	5.08	5.73
2005-12-21	1.67	1.69	1.79	2.22	3.15	3.67	4.42	4.86	5.08	5.73
2005-12-22	1.67	1.71	1.81	2.23	3.17	3.69	4.45	4.89	5.12	5.76
2005-12-25	1.66	1.72	1.83	2.24	3.22	3.74	4.49	4.95	5.18	5.81
2005-12-27	1.77	1.75	1.87	2.34	3.26	3.80	4.55	5.00	5.22	5.84
2005-12-28	1.75	1.74	1.84	2.27	3.19	3.71	4.46	4.90	5.13	5.78
2005-12-29	1.73	1.72	1.83	2.26	3.16	3.69	4.46	4.93	5.15	5.82
2006-01-01	1.68	1.74	1.83	2.17	3.07	3.59	4.38	4.84	5.07	5.74
2006-01-03	1.73	1.74	1.85	2.28	3.22	3.75	4.52	4.97	5.20	5.86
2006-01-04	1.73	1.73	1.82	2.24	3.19	3.71	4.48	4.93	5.16	5.83
2006-01-05	1.72	1.72	1.82	2.25	3.19	3.72	4.50	4.97	5.18	5.87
2006-01-08	1.70	1.68	1.77	2.19	3.08	3.61	4.39	4.86	5.09	5.76
2006-01-09	1.70	1.68	1.77	2.19	3.07	3.60	4.39	4.86	5.10	5.77
2006-01-10	1.68	1.68	1.77	2.17	3.03	3.57	4.38	4.86	5.10	5.76
2006-01-11	1.66	1.68	1.75	2.10	2.94	3.46	4.27	4.74	5.00	5.64
2006-01-12	1.62	1.58	1.62	1.98	2.76	3.28	4.14	4.65	4.92	5.60
2006-01-15	1.62	1.58	1.63	2.00	2.79	3.32	4.15	4.64	4.91	5.62
2006-01-16	1.64	1.60	1.63	1.99	2.79	3.32	4.14	4.62	4.88	5.56
2006-01-17	1.62	1.61	1.65	2.01	2.84	3.36	4.16	4.62	4.88	5.58
2006-01-18	1.60	1.64	1.73	2.09	2.96	3.49	4.28	4.73	4.98	5.65
2006-01-19	1.59	1.62	1.71	2.08	2.91	3.43	4.23	4.69	4.94	5.59
2006-01-23	1.67	1.70	1.77	2.11	2.97	3.48	4.27	4.72	4.96	5.62
2006-01-24	1.70	1.71	1.78	2.15	3.07	3.58	4.36	4.81	5.05	5.73
2006-01-25	1.69	1.72	1.82	2.22	3.15	3.67	4.40	4.82	5.07	5.71
2006-01-26	1.69	1.72	1.83	2.25	3.17	3.71	4.46	4.86	5.10	5.72
2006-01-29	1.71	1.76	1.88	2.28	3.19	3.73	4.48	4.88	5.12	5.72
2006-01-30	1.72	1.72	1.84	2.23	3.05	3.59	4.35	4.76	5.02	5.63
2006-01-31	1.70	1.75	1.86	2.23	3.06	3.61	4.37	4.77	5.02	5.64
2006-02-01	1.69	1.76	1.89	2.29	3.16	3.70	4.42	4.82	5.07	5.68
2006-02-02	1.69	1.76	1.87	2.22	3.08	3.62	4.37	4.78	5.02	5.63
2006-02-05	1.70	1.77	1.87	2.19	2.99	3.52	4.29	4.69	4.94	5.57
2006-02-06	1.74	1.76	1.86	2.22	2.99	3.53	4.29	4.66	4.92	5.56
2006-02-07	1.73	1.74	1.84	2.20	2.98	3.51	4.30	4.71	4.92	5.61
2006-02-08	1.71	1.73	1.83	2.20	2.99	3.54	4.33	4.73	4.93	5.64
2006-02-09	1.69	1.73	1.82	2.16	2.95	3.48	4.28	4.69	4.90	5.60
2006-02-12	1.73	1.75	1.86	2.21	2.95	3.49	4.29	4.70	4.91	5.63
2006-02-13	1.76	1.75	1.87	2.26	3.04	3.58	4.36	4.76	4.97	5.69
2006-02-14	1.75	1.76	1.87	2.27	3.09	3.63	4.40	4.80	5.01	5.72
2006-02-15	1.75	1.75	1.86	2.26	3.07	3.59	4.35	4.76	4.95	5.64
2006-02-16	1.72	1.74	1.84	2.20	2.97	3.50	4.27	4.66	4.86	5.58
2006-02-20	1.73	1.76	1.87	2.23	2.98	3.52	4.28	4.71	4.88	5.61
2006-02-21	1.75	1.76	1.87	2.24	3.00	3.53	4.28	4.71	4.88	5.60
2006-02-22	1.76	1.76	1.87	2.25	3.00	3.52	4.27	4.72	4.88	5.58
2006-02-23	1.75	1.76	1.86	2.22	2.97	3.48	4.23	4.67	4.84	5.55
2006-02-26	1.76	1.77	1.89	2.26	3.01	3.53	4.26	4.69	4.86	5.56
2006-02-27	1.78	1.77	1.91	2.31	3.08	3.61	4.33	4.77	4.93	5.63
2006-02-28	1.77	1.77	1.88	2.27	3.09	3.56	4.22	4.67	4.84	5.56
2006-03-01	1.76	1.79	1.87	2.25	3.06	3.64	4.27	4.70	4.88	5.61
2006-03-02	1.78	1.77	1.91	2.33	3.18	3.73	4.43	4.82	4.98	5.70
2006-03-05	1.77	1.81	1.94	2.36	3.24	3.75	4.43	4.86	5.02	5.71
2006-03-06	1.78	1.80	1.93	2.36	3.25	3.77	4.44	4.86	5.02	5.70
2006-03-07	1.77	1.78	1.92	2.34	3.26	3.77	4.45	4.89	5.06	5.74
2006-03-08	1.77	1.78	1.96	2.43	3.36	3.95	4.65	5.07	5.22	5.88
2006-03-09	1.77	1.81	2.05	2.57	3.60	4.21	4.77	5.17	5.33	5.95
2006-03-12	1.80	1.86	2.08	2.59	3.59	4.17	4.77	5.18	5.33	5.96
2006-03-13	1.82	1.84	2.06	2.57	3.56	4.14	4.75	5.17	5.32	5.96
2006-03-14	1.80	1.82	2.02	2.52	3.49	4.06	4.69	5.11	5.28	5.95
2006-03-15	1.79	1.86	2.06	2.59	3.63	4.20	4.83	5.24	5.40	6.05
2006-03-16	1.79	1.86	2.09	2.61	3.63	4.23	4.80	5.20	5.35	5.98
2006-03-19	1.77	1.88	2.14	2.65	3.67	4.27	4.79	5.17	5.32	5.95
2006-03-20	1.81	1.85	2.10	2.61	3.64	4.26	4.78	5.18	5.33	5.96
2006-03-21	1.79	1.84	2.12	2.66	3.71	4.30	4.87	5.25	5.40	6.04
2006-03-22	1.78	1.84	2.12	2.66	3.73	4.39	4.88	5.26	5.39	6.02
2006-03-23	1.78	1.84	2.13	2.70	3.77	4.40	4.90	5.28	5.40	6.04
2006-03-26	1.78	1.85	2.16	2.75	3.78	4.38	4.92	5.28	5.41	6.03
2006-03-27	1.82	1.81	2.12	2.69	3.68	4.27	4.85	5.23	5.35	5.96
2006-03-28	1.77	1.81	2.10	2.65	3.66	4.28	4.85	5.22	5.35	5.96
2006-03-29	1.76	1.79	2.12	2.70	3.72	4.31	4.91	5.29	5.42	6.03
2006-04-02	1.79	1.79	2.16	2.76	3.74	4.29	4.93	5.29	5.44	6.04
2006-04-03	1.79	1.80	2.12	2.68	3.63	4.21	4.84	5.21	5.36	5.96
2006-04-04	1.77	1.79	2.08	2.61	3.55	4.14	4.76	5.13	5.30	5.92
2006-04-05	1.77	1.78	2.07	2.61	3.57	4.16	4.76	5.12	5.28	5.89
2006-04-06	1.76	1.76	2.03	2.54	3.49	4.10	4.68	5.04	5.22	5.84
2006-04-09	1.76	1.75	2.02	2.61	3.51	4.03	4.70	5.07	5.25	5.89
2006-04-10	1.73	1.73	2.02	2.55	3.48	4.06	4.67	5.03	5.22	5.84
2006-04-11	1.72	1.71	1.98	2.52	3.48	4.08	4.68	5.05	5.24	5.88
2006-04-12	1.72	1.72	1.97	2.51	3.47	4.07	4.66	5.03	5.22	5.85
2006-04-13	1.71	1.71	1.96	2.44	3.41	4.01	4.60	4.99	5.18	5.81
2006-04-16	1.71	1.72	1.96	2.44	3.38	3.99	4.57	4.95	5.15	5.78
2006-04-17	1.71	1.74	1.97	2.46	3.43	4.03	4.62	5.00	5.20	5.83
2006-04-18	1.71	1.73	1.92	2.43	3.41	3.99	4.64	5.03	5.24	5.90
2006-04-19	1.70	1.72	1.91	2.40	3.38	3.97	4.64	5.02	5.23	5.88
2006-04-20	1.69	1.73	1.91	2.39	3.36	3.95	4.62	5.00	5.21	5.85
2006-04-23	1.67	1.72	1.92	2.41	3.37	3.94	4.62	4.98	5.19	5.85
2006-04-24	1.68	1.73	1.92	2.41	3.39	3.96	4.62	4.98	5.18	5.83
2006-04-25	1.67	1.72	1.89	2.35	3.28	3.87	4.53	4.90	5.11	5.77
2006-04-26	1.68	1.74	1.90	2.33	3.25	3.83	4.52	4.89	5.10	5.77
2006-04-27	1.68	1.75	1.90	2.31	3.22	3.80	4.49	4.86	5.08	5.73
2006-04-30	1.73	1.78	1.93	2.36	3.26	3.85	4.55	4.91	5.13	5.77
2006-05-01	1.77	1.77	1.91	2.35	3.24	3.83	4.53	4.88	5.11	5.74
2006-05-02	1.76	1.77	1.91	2.33	3.21	3.78	4.49	4.86	5.08	5.71
2006-05-03	1.74	1.77	1.92	2.35	3.25	3.83	4.54	4.91	5.13	5.74
2006-05-04	1.73	1.76	1.88	2.28	3.17	3.75	4.48	4.85	5.08	5.70
2006-05-07	1.74	1.78	1.90	2.30	3.19	3.77	4.50	4.87	5.10	5.71
2006-05-08	1.77	1.76	1.86	2.27	3.14	3.67	4.43	4.85	5.09	5.71
2006-05-09	1.76	1.76	1.91	2.37	3.32	3.87	4.58	4.99	5.24	5.84
2006-05-10	1.74	1.77	1.90	2.33	3.27	3.80	4.53	4.96	5.20	5.80
2006-05-11	1.73	1.77	1.88	2.27	3.19	3.71	4.46	4.89	5.15	5.77
2006-05-14	1.77	1.79	1.92	2.36	3.28	3.81	4.54	4.98	5.23	5.86
2006-05-15	1.78	1.78	1.95	2.43	3.40	3.94	4.64	5.06	5.32	5.94
2006-05-16	1.76	1.76	1.93	2.41	3.37	3.90	4.59	5.02	5.28	5.92
2006-05-17	1.74	1.75	1.90	2.35	3.28	3.81	4.52	4.94	5.20	5.87
2006-05-18	1.73	1.76	1.95	2.45	3.41	3.95	4.60	5.01	5.27	5.94
2006-05-21	1.73	1.77	1.94	2.41	3.33	3.87	4.53	4.94	5.21	5.88
2006-05-22	1.73	1.75	1.92	2.38	3.28	3.82	4.49	4.90	5.18	5.84
2006-05-23	1.72	1.74	1.90	2.34	3.23	3.75	4.43	4.85	5.13	5.80
2006-05-24	1.73	1.74	1.91	2.38	3.28	3.80	4.46	4.87	5.16	5.83
2006-05-25	1.71	1.74	1.91	2.37	3.28	3.81	4.47	4.87	5.16	5.83
2006-05-29	1.73	1.77	1.94	2.41	3.30	3.82	4.46	4.87	5.16	5.83
2006-05-30	1.73	1.75	1.91	2.35	3.24	3.76	4.41	4.81	5.11	5.79
2006-05-31	1.73	1.75	1.90	2.31	3.17	3.69	4.36	4.74	5.06	5.74
2006-06-01	1.72	1.74	1.91	2.34	3.22	3.73	4.37	4.77	5.08	5.77
2006-06-04	1.72	1.77	1.93	2.35	3.19	3.72	4.36	4.75	5.06	5.76
2006-06-05	1.73	1.76	1.90	2.31	3.13	3.64	4.31	4.72	5.04	5.75
2006-06-06	1.75	1.75	1.90	2.33	3.16	3.68	4.35	4.76	5.08	5.79
2006-06-07	1.74	1.74	1.88	2.30	3.13	3.63	4.30	4.72	5.04	5.75
2006-06-08	1.74	1.74	1.89	2.31	3.16	3.67	4.36	4.78	5.10	5.81
2006-06-11	1.75	1.76	1.89	2.30	3.15	3.66	4.34	4.75	5.07	5.76
2006-06-12	1.75	1.75	1.87	2.27	3.09	3.59	4.29	4.69	5.02	5.71
2006-06-13	1.74	1.74	1.85	2.25	3.05	3.55	4.24	4.65	4.98	5.68
2006-06-14	1.71	1.72	1.82	2.20	3.00	3.50	4.20	4.61	4.94	5.65
2006-06-15	1.71	1.71	1.80	2.16	2.92	3.40	4.10	4.51	4.83	5.54
2006-06-18	1.70	1.74	1.85	2.20	2.96	3.44	4.14	4.57	4.89	5.61
2006-06-19	1.70	1.73	1.82	2.16	2.93	3.41	4.13	4.55	4.88	5.60
2006-06-20	1.69	1.71	1.77	2.07	2.81	3.28	4.01	4.43	4.76	5.51
2006-06-21	1.68	1.73	1.81	2.12	2.93	3.40	4.11	4.53	4.85	5.59
2006-06-22	1.68	1.72	1.79	2.09	2.88	3.35	4.06	4.47	4.79	5.54
2006-06-25	1.66	1.74	1.82	2.15	2.93	3.41	4.13	4.55	4.87	5.60
2006-06-26	1.74	1.73	1.81	2.16	2.92	3.41	4.13	4.55	4.88	5.62
2006-06-27	1.72	1.70	1.74	2.05	2.77	3.25	3.99	4.40	4.75	5.53
2006-06-28	1.70	1.70	1.76	2.09	2.85	3.34	4.08	4.51	4.84	5.63
2006-06-29	1.69	1.70	1.75	2.06	2.90	3.37	4.09	4.52	4.86	5.65
2006-07-02	1.71	1.72	1.78	2.09	2.88	3.35	4.08	4.54	4.85	5.64
2006-07-03	1.72	1.72	1.76	2.04	2.78	3.24	3.99	4.45	4.77	5.56
2006-07-04	1.71	1.72	1.74	2.02	2.78	3.25	4.00	4.47	4.78	5.57
2006-07-06	1.71	1.72	1.77	2.08	2.90	3.38	4.13	4.60	4.90	5.67
2006-07-09	1.73	1.73	1.78	2.08	2.84	3.32	4.07	4.53	4.84	5.63
2006-07-10	1.72	1.72	1.75	2.01	2.74	3.21	3.98	4.47	4.78	5.57
2006-07-11	1.73	1.72	1.74	1.97	2.61	3.07	3.85	4.33	4.66	5.48
2006-07-12	1.72	1.72	1.74	1.95	2.61	3.07	3.86	4.33	4.66	5.47
2006-07-13	1.71	1.71	1.74	1.97	2.56	3.02	3.82	4.30	4.63	5.45
2006-07-16	1.71	1.72	1.73	1.97	2.55	3.04	3.85	4.33	4.66	5.49
2006-07-17	1.74	1.72	1.75	1.99	2.66	3.14	3.93	4.42	4.75	5.58
2006-07-18	1.72	1.72	1.75	1.99	2.63	3.10	3.89	4.36	4.71	5.54
2006-07-19	1.72	1.72	1.74	1.95	2.55	3.01	3.82	4.29	4.66	5.52
2006-07-20	1.71	1.71	1.73	1.94	2.48	2.94	3.76	4.25	4.61	5.47
2006-07-23	1.71	1.70	1.73	1.94	2.40	2.83	3.65	4.15	4.51	5.40
2006-07-24	1.73	1.70	1.71	1.91	2.34	2.76	3.59	4.11	4.47	5.39
2006-07-25	1.70	1.69	1.70	1.89	2.38	2.81	3.60	4.13	4.49	5.42
2006-07-26	1.71	1.70	1.69	1.86	2.28	2.69	3.51	4.05	4.43	5.39
2006-07-27	1.71	1.69	1.68	1.80	2.20	2.62	3.46	4.03	4.43	5.42
2006-07-30	1.73	1.72	1.74	1.93	2.41	2.84	3.68	4.22	4.62	5.54
2006-07-31	1.73	1.72	1.75	1.96	2.44	2.88	3.71	4.24	4.65	5.54
2006-08-01	1.73	1.71	1.70	1.80	2.23	2.67	3.53	4.09	4.51	5.41
2006-08-02	1.70	1.68	1.66	1.75	2.15	2.60	3.46	4.04	4.47	5.41
2006-08-03	1.66	1.63	1.59	1.65	1.99	2.43	3.27	3.88	4.33	5.29
2006-08-06	1.68	1.64	1.59	1.68	1.93	2.34	3.21	3.83	4.29	5.26
2006-08-07	1.71	1.65	1.60	1.69	2.11	2.53	3.36	3.98	4.42	5.35
2006-08-08	1.66	1.59	1.55	1.64	1.98	2.40	3.24	3.89	4.35	5.31
2006-08-09	1.67	1.62	1.59	1.68	2.10	2.52	3.35	3.96	4.40	5.34
2006-08-10	1.66	1.62	1.59	1.68	2.10	2.49	3.28	3.85	4.27	5.22
2006-08-13	1.68	1.68	1.64	1.75	2.10	2.48	3.24	3.81	4.22	5.16
2006-08-14	1.68	1.63	1.58	1.70	2.00	2.37	3.15	3.72	4.12	5.09
2006-08-15	1.68	1.64	1.61	1.77	2.12	2.47	3.19	3.74	4.06	5.03
2006-08-16	1.66	1.62	1.63	1.78	2.22	2.58	3.28	3.85	4.17	5.12
2006-08-17	1.66	1.62	1.65	1.82	2.28	2.67	3.41	3.99	4.32	5.24
2006-08-20	1.67	1.67	1.68	1.86	2.25	2.64	3.40	3.97	4.29	5.21
2006-08-21	1.69	1.62	1.64	1.77	2.12	2.50	3.25	3.84	4.17	5.12
2006-08-22	1.68	1.63	1.65	1.77	2.12	2.51	3.28	3.85	4.20	5.14
2006-08-23	1.66	1.65	1.68	1.85	2.22	2.61	3.37	3.95	4.30	5.22
2006-08-24	1.66	1.65	1.67	1.80	2.19	2.56	3.31	3.88	4.25	5.15
2006-08-27	1.68	1.68	1.69	1.79	2.19	2.56	3.29	3.85	4.22	5.12
2006-08-28	1.69	1.68	1.71	1.89	2.26	2.63	3.37	3.93	4.29	5.20
2006-08-29	1.71	1.67	1.69	1.85	2.23	2.59	3.31	3.86	4.22	5.14
2006-08-30	1.71	1.68	1.66	1.75	2.14	2.51	3.24	3.80	4.16	5.08
2006-08-31	1.70	1.69	1.67	1.74	2.14	2.50	3.22	3.78	4.14	5.06
2006-09-04	1.69	1.64	1.62	1.71	2.01	2.36	3.04	3.63	3.98	4.92
2006-09-05	1.69	1.63	1.60	1.69	2.02	2.35	3.02	3.58	3.96	4.91
2006-09-06	1.66	1.61	1.58	1.66	1.95	2.29	2.95	3.52	3.91	4.88
2006-09-07	1.68	1.66	1.66	1.75	2.08	2.42	3.10	3.66	4.05	5.00
2006-09-10	1.70	1.69	1.69	1.77	2.13	2.46	3.11	3.66	4.05	4.99
2006-09-11	1.72	1.68	1.68	1.77	2.12	2.44	3.08	3.63	4.00	4.96
2006-09-12	1.71	1.69	1.69	1.84	2.18	2.51	3.15	3.71	4.07	5.01
2006-09-13	1.70	1.69	1.68	1.79	2.12	2.44	3.07	3.61	3.98	4.93
2006-09-14	1.68	1.69	1.68	1.74	2.07	2.38	3.00	3.55	3.92	4.87
2006-09-17	1.69	1.71	1.69	1.78	2.07	2.38	3.00	3.53	3.90	4.85
2006-09-18	1.70	1.70	1.69	1.77	2.06	2.36	2.97	3.49	3.87	4.83
2006-09-19	1.70	1.68	1.68	1.75	2.04	2.35	2.96	3.50	3.86	4.85
2006-09-20	1.64	1.65	1.64	1.68	1.93	2.24	2.87	3.42	3.79	4.80
2006-09-21	1.64	1.65	1.64	1.68	1.94	2.25	2.86	3.42	3.79	4.82
2006-09-24	1.65	1.65	1.62	1.68	1.93	2.21	2.76	3.32	3.70	4.75
2006-09-25	1.68	1.65	1.61	1.68	1.93	2.20	2.76	3.31	3.69	4.74
2006-09-26	1.67	1.66	1.63	1.73	2.00	2.28	2.83	3.40	3.77	4.83
2006-09-27	1.66	1.65	1.61	1.68	1.97	2.27	2.86	3.42	3.79	4.85
2006-09-28	1.63	1.63	1.57	1.62	1.82	2.13	2.74	3.31	3.69	4.78
2006-10-01	1.60	1.57	1.51	1.53	1.72	2.02	2.63	3.25	3.63	4.75
2006-10-02	1.63	1.59	1.54	1.56	1.80	2.11	2.75	3.34	3.72	4.81
2006-10-03	1.61	1.58	1.52	1.53	1.75	2.07	2.74	3.33	3.71	4.78
2006-10-04	1.58	1.57	1.51	1.53	1.75	2.08	2.74	3.33	3.70	4.79
2006-10-05	1.60	1.61	1.56	1.58	1.78	2.09	2.73	3.31	3.69	4.77
2006-10-08	1.61	1.63	1.57	1.59	1.77	2.07	2.67	3.27	3.64	4.75
2006-10-09	1.62	1.61	1.57	1.60	1.80	2.10	2.70	3.29	3.65	4.75
2006-10-10	1.60	1.57	1.53	1.55	1.72	2.03	2.65	3.24	3.61	4.72
2006-10-11	1.59	1.58	1.56	1.60	1.75	2.06	2.68	3.30	3.68	4.78
2006-10-12	1.59	1.58	1.58	1.63	1.85	2.17	2.83	3.45	3.83	4.91
2006-10-16	1.66	1.68	1.69	1.79	2.08	2.42	3.11	3.70	4.07	5.09
2006-10-17	1.66	1.66	1.67	1.74	2.02	2.38	3.11	3.68	4.06	5.10
2006-10-18	1.66	1.67	1.69	1.78	2.10	2.47	3.20	3.77	4.16	5.18
2006-10-19	1.66	1.67	1.68	1.77	2.09	2.45	3.17	3.73	4.14	5.17
2006-10-22	1.69	1.71	1.72	1.86	2.23	2.58	3.28	3.83	4.24	5.23
2006-10-23	1.71	1.69	1.71	1.85	2.21	2.57	3.29	3.85	4.27	5.26
2006-10-24	1.68	1.68	1.69	1.84	2.20	2.55	3.26	3.82	4.26	5.26
2006-10-25	1.64	1.65	1.66	1.73	2.09	2.45	3.18	3.74	4.16	5.20
2006-10-26	1.63	1.64	1.62	1.69	1.98	2.35	3.10	3.69	4.12	5.16
2006-10-29	1.59	1.59	1.55	1.60	1.88	2.26	3.03	3.65	4.10	5.15
2006-10-30	1.58	1.51	1.46	1.53	1.79	2.15	2.89	3.51	3.97	5.05
2006-10-31	1.56	1.51	1.46	1.49	1.74	2.12	2.87	3.53	3.99	5.07
2006-11-01	1.48	1.44	1.43	1.46	1.68	2.05	2.81	3.45	3.93	5.03
2006-11-02	1.44	1.43	1.42	1.46	1.76	2.14	2.92	3.54	4.01	5.07
2006-11-05	1.44	1.43	1.43	1.48	1.79	2.19	3.00	3.59	4.07	5.11
2006-11-06	1.44	1.42	1.41	1.48	1.82	2.21	3.00	3.62	4.10	5.13
2006-11-07	1.24	1.23	1.26	1.46	1.87	2.26	3.01	3.62	4.09	5.12
2006-11-08	1.20	1.22	1.27	1.46	1.86	2.20	2.86	3.46	3.88	4.94
2006-11-09	1.19	1.22	1.26	1.43	1.87	2.21	2.87	3.44	3.85	4.87
2006-11-13	1.20	1.22	1.26	1.44	1.79	2.14	2.83	3.42	3.84	4.87
2006-11-14	1.22	1.21	1.25	1.42	1.76	2.11	2.82	3.40	3.84	4.86
2006-11-15	1.22	1.22	1.27	1.48	1.89	2.28	3.01	3.60	4.03	5.01
2006-11-16	1.23	1.22	1.28	1.49	1.91	2.30	3.05	3.63	4.05	5.02
2006-11-19	1.24	1.23	1.27	1.48	1.91	2.30	3.04	3.61	4.02	4.98
2006-11-20	1.23	1.21	1.27	1.49	1.91	2.30	3.02	3.58	3.99	4.94
2006-11-21	1.22	1.22	1.27	1.50	1.98	2.39	3.13	3.72	4.08	5.04
2006-11-22	1.23	1.22	1.27	1.52	2.05	2.46	3.20	3.80	4.14	5.10
2006-11-23	1.23	1.23	1.29	1.54	2.10	2.52	3.26	3.84	4.18	5.12
2006-11-26	1.24	1.24	1.30	1.56	2.09	2.51	3.26	3.85	4.19	5.13
2006-11-27	1.27	1.22	1.28	1.51	1.97	2.38	3.14	3.71	4.08	5.03
2006-11-28	1.28	1.23	1.30	1.58	2.13	2.58	3.34	3.93	4.26	5.23
2006-11-30	1.25	1.22	1.30	1.56	2.08	2.51	3.28	3.88	4.22	5.18
2006-12-03	1.26	1.24	1.31	1.56	2.07	2.51	3.31	3.89	4.22	5.17
2006-12-04	1.23	1.23	1.31	1.57	2.08	2.53	3.33	3.92	4.24	5.18
2006-12-05	1.23	1.22	1.29	1.53	2.02	2.45	3.25	3.85	4.18	5.14
2006-12-06	1.23	1.22	1.28	1.50	1.97	2.39	3.19	3.79	4.13	5.09
2006-12-07	1.23	1.21	1.27	1.47	1.89	2.31	3.13	3.73	4.09	5.08
2006-12-10	1.24	1.23	1.28	1.48	1.88	2.28	3.08	3.68	4.06	5.05
2006-12-11	1.23	1.21	1.27	1.48	1.90	2.30	3.07	3.67	4.06	5.02
2006-12-12	1.23	1.21	1.26	1.46	1.85	2.24	3.02	3.61	4.01	4.97
2006-12-13	1.20	1.21	1.27	1.46	1.85	2.25	3.03	3.62	4.01	4.97
2006-12-14	1.20	1.21	1.28	1.47	1.87	2.27	3.08	3.68	4.07	5.03
2006-12-17	1.20	1.23	1.29	1.50	1.94	2.35	3.14	3.75	4.15	5.11
2006-12-18	1.22	1.22	1.27	1.48	1.89	2.30	3.11	3.71	4.13	5.11
2006-12-19	1.20	1.21	1.26	1.43	1.81	2.21	3.03	3.63	4.06	5.05
2006-12-20	1.19	1.21	1.24	1.37	1.74	2.13	2.91	3.52	3.96	4.97
2006-12-21	1.18	1.21	1.25	1.39	1.76	2.15	2.93	3.53	3.97	4.97
2006-12-24	1.15	1.19	1.26	1.43	1.79	2.17	2.95	3.54	3.98	4.98
2006-12-25	1.17	1.19	1.26	1.42	1.73	2.10	2.92	3.51	3.95	4.93
2006-12-27	1.14	1.18	1.27	1.41	1.70	2.08	2.89	3.47	3.93	4.91
2006-12-28	1.07	1.16	1.23	1.36	1.60	1.97	2.79	3.36	3.83	4.83
2006-12-31	1.15	1.22	1.24	1.36	1.61	1.95	2.76	3.34	3.82	4.82
2007-01-01	1.20	1.22	1.23	1.32	1.61	1.99	2.78	3.36	3.83	4.83
2007-01-03	1.18	1.22	1.25	1.42	1.80	2.22	3.05	3.62	4.07	5.05
2007-01-04	1.18	1.22	1.25	1.41	1.79	2.20	3.03	3.60	4.05	5.03
2007-01-07	1.17	1.21	1.27	1.44	1.84	2.26	3.10	3.64	4.09	5.05
2007-01-08	1.17	1.19	1.24	1.40	1.77	2.19	3.04	3.60	4.04	5.03
2007-01-09	1.17	1.19	1.23	1.36	1.71	2.14	3.01	3.56	4.00	5.00
2007-01-10	1.18	1.20	1.25	1.44	1.87	2.33	3.23	3.77	4.19	5.17
2007-01-11	1.17	1.20	1.24	1.39	1.79	2.26	3.20	3.74	4.16	5.14
2007-01-14	1.17	1.21	1.26	1.41	1.81	2.27	3.17	3.72	4.15	5.13
2007-01-15	1.18	1.19	1.24	1.40	1.76	2.21	3.10	3.66	4.10	5.09
2007-01-16	1.17	1.20	1.23	1.37	1.75	2.21	3.10	3.65	4.10	5.07
2007-01-17	1.17	1.18	1.22	1.37	1.75	2.21	3.11	3.65	4.10	5.06
2007-01-18	1.17	1.18	1.21	1.34	1.70	2.15	3.05	3.60	4.05	5.00
2007-01-22	1.17	1.19	1.22	1.33	1.67	2.11	3.00	3.55	4.01	4.98
2007-01-23	1.17	1.17	1.19	1.31	1.66	2.09	2.94	3.49	3.95	4.94
2007-01-24	1.16	1.17	1.20	1.33	1.69	2.12	2.97	3.52	3.98	4.98
2007-01-25	1.14	1.16	1.19	1.31	1.66	2.08	2.93	3.48	3.94	4.92
2007-01-28	1.15	1.17	1.19	1.31	1.70	2.13	2.97	3.53	3.98	4.96
2007-01-29	1.19	1.18	1.20	1.34	1.70	2.13	2.99	3.54	4.00	4.96
2007-01-30	1.18	1.18	1.20	1.36	1.77	2.21	3.07	3.61	4.06	5.01
2007-01-31	1.17	1.18	1.19	1.30	1.70	2.15	3.02	3.56	4.00	4.96
2007-02-01	1.17	1.18	1.19	1.31	1.72	2.16	3.02	3.55	4.00	4.93
2007-02-04	1.16	1.18	1.21	1.34	1.72	2.17	3.05	3.58	4.01	4.93
2007-02-05	1.18	1.16	1.19	1.33	1.68	2.12	2.99	3.53	3.96	4.89
2007-02-06	1.18	1.18	1.20	1.34	1.73	2.18	3.07	3.60	4.02	4.97
2007-02-07	1.17	1.17	1.19	1.32	1.68	2.13	3.02	3.55	3.97	4.91
2007-02-08	1.17	1.17	1.18	1.28	1.63	2.08	2.97	3.51	3.96	4.88
2007-02-11	1.17	1.17	1.20	1.33	1.68	2.13	3.03	3.57	3.99	4.94
2007-02-12	1.19	1.18	1.19	1.30	1.65	2.10	3.00	3.55	3.98	4.93
2007-02-13	1.18	1.18	1.19	1.29	1.62	2.05	2.92	3.48	3.93	4.90
2007-02-14	1.18	1.17	1.18	1.27	1.57	1.99	2.85	3.42	3.89	4.86
2007-02-15	1.19	1.18	1.19	1.30	1.62	2.05	2.91	3.48	3.95	4.94
2007-02-19	1.19	1.19	1.20	1.31	1.66	2.08	2.92	3.48	3.94	4.92
2007-02-20	1.19	1.18	1.19	1.29	1.61	2.03	2.87	3.41	3.88	4.86
2007-02-21	1.19	1.19	1.20	1.29	1.59	2.00	2.82	3.38	3.85	4.84
2007-02-22	1.20	1.19	1.20	1.31	1.63	2.04	2.86	3.42	3.90	4.88
2007-02-25	1.21	1.21	1.21	1.28	1.60	2.00	2.82	3.38	3.86	4.85
2007-02-26	1.25	1.20	1.20	1.27	1.58	1.98	2.77	3.34	3.81	4.81
2007-02-27	1.26	1.21	1.20	1.27	1.57	1.96	2.75	3.30	3.78	4.77
2007-02-28	1.24	1.21	1.20	1.27	1.58	1.96	2.75	3.29	3.76	4.75
2007-03-01	1.21	1.20	1.19	1.24	1.53	1.91	2.69	3.24	3.71	4.70
2007-03-04	1.20	1.20	1.21	1.26	1.52	1.89	2.66	3.21	3.68	4.69
2007-03-05	1.23	1.19	1.20	1.24	1.49	1.85	2.62	3.17	3.65	4.68
2007-03-06	1.21	1.18	1.18	1.22	1.46	1.82	2.58	3.14	3.63	4.67
2007-03-07	1.20	1.18	1.18	1.22	1.47	1.85	2.63	3.18	3.67	4.70
2007-03-08	1.16	1.12	1.11	1.15	1.39	1.77	2.56	3.14	3.63	4.67
2007-03-11	1.13	1.08	1.06	1.09	1.35	1.73	2.51	3.08	3.59	4.64
2007-03-12	1.15	1.10	1.07	1.12	1.38	1.76	2.54	3.11	3.60	4.64
2007-03-13	1.15	1.10	1.08	1.14	1.45	1.82	2.57	3.13	3.60	4.62
2007-03-14	1.15	1.12	1.14	1.24	1.59	1.98	2.75	3.31	3.74	4.75
2007-03-15	1.14	1.13	1.14	1.22	1.56	1.95	2.72	3.27	3.72	4.73
2007-03-18	1.16	1.15	1.15	1.24	1.63	2.03	2.82	3.37	3.82	4.82
2007-03-19	1.19	1.14	1.19	1.35	1.72	2.12	2.93	3.46	3.91	4.89
2007-03-20	1.19	1.16	1.18	1.32	1.72	2.14	2.98	3.53	3.98	4.94
2007-03-21	1.19	1.17	1.19	1.34	1.75	2.18	3.02	3.56	4.01	4.99
2007-03-22	1.18	1.18	1.20	1.36	1.80	2.25	3.12	3.67	4.11	5.08
2007-03-25	1.18	1.17	1.19	1.32	1.71	2.14	2.98	3.55	3.98	4.97
2007-03-26	1.21	1.18	1.19	1.28	1.69	2.12	2.97	3.54	3.97	4.97
2007-03-27	1.19	1.18	1.18	1.27	1.68	2.11	2.94	3.52	3.96	4.96
2007-03-28	1.18	1.16	1.17	1.25	1.62	2.05	2.92	3.50	3.95	4.96
2007-03-29	1.15	1.14	1.15	1.22	1.56	1.99	2.86	3.45	3.92	4.93
2007-04-01	1.16	1.14	1.13	1.19	1.51	1.93	2.78	3.35	3.83	4.84
2007-04-02	1.17	1.12	1.10	1.16	1.50	1.92	2.78	3.35	3.84	4.85
2007-04-03	1.17	1.13	1.12	1.22	1.60	2.03	2.89	3.48	3.94	4.94
2007-04-04	1.17	1.11	1.10	1.18	1.55	1.99	2.87	3.45	3.93	4.95
2007-04-05	1.17	1.11	1.10	1.18	1.55	2.00	2.88	3.48	3.96	4.97
2007-04-08	1.19	1.17	1.17	1.25	1.65	2.10	2.99	3.55	4.03	5.01
2007-04-09	1.19	1.15	1.15	1.21	1.59	2.03	2.91	3.47	3.95	4.93
2007-04-10	1.17	1.13	1.13	1.22	1.55	1.99	2.87	3.44	3.93	4.92
2007-04-11	1.18	1.14	1.16	1.25	1.60	2.03	2.89	3.46	3.95	4.94
2007-04-12	1.18	1.17	1.19	1.30	1.65	2.09	2.95	3.49	4.00	4.96
2007-04-15	1.19	1.20	1.22	1.33	1.74	2.17	3.02	3.55	4.04	4.99
2007-04-16	1.17	1.18	1.21	1.32	1.69	2.12	2.96	3.49	3.98	4.93
2007-04-17	1.15	1.17	1.20	1.31	1.67	2.10	2.95	3.48	3.96	4.92
2007-04-18	1.14	1.18	1.20	1.34	1.71	2.15	2.99	3.50	3.98	4.91
2007-04-22	1.14	1.18	1.22	1.35	1.71	2.16	3.03	3.54	4.00	4.92
2007-04-23	1.14	1.18	1.21	1.34	1.70	2.14	3.01	3.53	4.01	4.94
2007-04-24	1.14	1.17	1.21	1.33	1.70	2.14	3.02	3.54	4.02	4.92
2007-04-25	1.13	1.15	1.18	1.28	1.62	2.05	2.92	3.45	3.93	4.84
2007-04-26	1.13	1.14	1.17	1.26	1.57	2.00	2.88	3.42	3.91	4.83
2007-04-29	1.13	1.14	1.18	1.28	1.59	2.02	2.90	3.43	3.92	4.83
2007-04-30	1.14	1.15	1.18	1.28	1.62	2.06	2.94	3.47	3.96	4.86
2007-05-01	1.13	1.13	1.15	1.22	1.51	1.95	2.85	3.39	3.89	4.79
2007-05-02	1.09	1.10	1.13	1.21	1.50	1.93	2.82	3.37	3.88	4.80
2007-05-03	1.07	1.12	1.16	1.27	1.56	2.00	2.90	3.45	3.94	4.84
2007-05-06	1.08	1.13	1.17	1.27	1.55	1.98	2.87	3.41	3.92	4.80
2007-05-07	1.09	1.10	1.12	1.19	1.45	1.87	2.76	3.31	3.84	4.76
2007-05-08	1.08	1.11	1.14	1.21	1.45	1.83	2.64	3.19	3.72	4.67
2007-05-09	1.06	1.09	1.14	1.24	1.49	1.82	2.62	3.17	3.70	4.65
2007-05-10	1.07	1.11	1.14	1.22	1.45	1.81	2.61	3.17	3.69	4.64
2007-05-13	1.07	1.10	1.13	1.22	1.46	1.81	2.58	3.12	3.64	4.60
2007-05-14	1.02	1.09	1.12	1.23	1.47	1.82	2.58	3.12	3.63	4.58
2007-05-15	0.95	1.06	1.10	1.20	1.41	1.72	2.47	3.02	3.53	4.47
2007-05-16	0.98	1.06	1.11	1.21	1.46	1.78	2.52	3.07	3.53	4.48
2007-05-17	0.98	1.05	1.06	1.15	1.38	1.69	2.43	3.00	3.46	4.44
2007-05-20	1.01	1.05	1.06	1.14	1.35	1.66	2.41	2.98	3.46	4.44
2007-05-21	1.02	1.04	1.04	1.10	1.31	1.62	2.34	2.89	3.38	4.36
2007-05-22	1.14	1.06	1.08	1.15	1.38	1.67	2.37	2.91	3.39	4.33
2007-05-23	1.13	1.08	1.08	1.14	1.36	1.65	2.32	2.87	3.34	4.29
2007-05-24	1.14	1.08	1.08	1.14	1.38	1.65	2.33	2.87	3.34	4.28
2007-05-28	1.15	1.09	1.09	1.13	1.33	1.63	2.34	2.93	3.41	4.39
2007-05-29	1.21	1.12	1.11	1.15	1.35	1.62	2.35	2.94	3.44	4.42
2007-05-30	1.18	1.10	1.08	1.11	1.30	1.56	2.27	2.84	3.34	4.35
2007-05-31	1.16	1.11	1.09	1.13	1.33	1.58	2.30	2.87	3.37	4.36
2007-06-03	1.17	1.14	1.12	1.15	1.33	1.61	2.37	2.94	3.43	4.43
2007-06-04	1.17	1.08	1.05	1.07	1.20	1.51	2.25	2.82	3.34	4.35
2007-06-05	1.15	1.05	1.03	1.04	1.20	1.46	2.19	2.78	3.30	4.32
2007-06-06	1.12	1.04	1.03	1.07	1.25	1.52	2.25	2.83	3.34	4.37
2007-06-07	1.14	1.05	1.03	1.08	1.27	1.53	2.29	2.87	3.37	4.37
2007-06-10	1.14	1.03	1.00	1.04	1.19	1.45	2.20	2.79	3.29	4.31
2007-06-11	1.10	0.97	0.95	0.98	1.13	1.38	2.12	2.69	3.20	4.22
2007-06-12	1.07	0.94	0.95	1.00	1.16	1.42	2.16	2.72	3.21	4.23
2007-06-13	1.02	0.92	0.90	0.95	1.13	1.38	2.10	2.68	3.18	4.18
2007-06-14	0.92	0.86	0.86	0.90	1.10	1.34	2.08	2.63	3.13	4.13
2007-06-17	0.93	0.87	0.88	0.95	1.18	1.44	2.14	2.71	3.18	4.18
2007-06-18	0.93	0.90	0.91	1.00	1.25	1.53	2.26	2.81	3.27	4.26
2007-06-19	0.90	0.89	0.89	0.96	1.27	1.59	2.34	2.90	3.37	4.35
2007-06-20	0.83	0.81	0.82	0.88	1.17	1.50	2.28	2.87	3.35	4.37
2007-06-21	0.81	0.83	0.85	0.94	1.22	1.55	2.31	2.90	3.40	4.41
2007-06-24	0.83	0.85	0.87	0.94	1.17	1.47	2.24	2.82	3.32	4.35
2007-06-25	0.82	0.83	0.84	0.91	1.14	1.44	2.21	2.78	3.29	4.31
2007-06-26	0.92	0.92	0.94	1.05	1.30	1.57	2.32	2.90	3.38	4.40
2007-06-27	0.86	0.91	0.96	1.11	1.41	1.73	2.49	3.07	3.55	4.52
2007-06-28	0.80	0.87	0.95	1.09	1.38	1.72	2.52	3.09	3.58	4.57
2007-07-01	0.81	0.90	0.98	1.09	1.32	1.66	2.46	3.03	3.54	4.52
2007-07-02	0.89	0.89	0.96	1.07	1.30	1.66	2.48	3.06	3.56	4.54
2007-07-03	0.87	0.87	0.95	1.06	1.30	1.65	2.47	3.05	3.56	4.54
2007-07-04	0.87	0.87	0.95	1.07	1.32	1.69	2.55	3.15	3.67	4.64
2007-07-08	0.90	0.92	0.97	1.08	1.36	1.76	2.63	3.22	3.74	4.69
2007-07-09	0.92	0.92	0.96	1.09	1.39	1.79	2.65	3.23	3.75	4.71
2007-07-10	0.90	0.90	0.95	1.09	1.37	1.77	2.63	3.21	3.73	4.69
2007-07-11	0.89	0.89	0.95	1.07	1.33	1.72	2.59	3.17	3.70	4.68
2007-07-12	0.89	0.89	0.95	1.06	1.29	1.67	2.52	3.12	3.66	4.65
2007-07-15	0.88	0.91	0.96	1.07	1.35	1.74	2.60	3.20	3.74	4.74
2007-07-16	0.88	0.92	0.97	1.10	1.45	1.89	2.81	3.40	3.94	4.91
2007-07-17	0.85	0.91	0.97	1.12	1.49	1.94	2.87	3.44	3.97	4.91
2007-07-18	0.84	0.90	0.96	1.11	1.47	1.93	2.88	3.45	3.98	4.92
2007-07-19	0.84	0.91	0.96	1.12	1.51	1.98	2.93	3.49	4.00	4.93
2007-07-22	0.86	0.93	0.99	1.17	1.61	2.11	3.10	3.67	4.19	5.09
2007-07-23	0.89	0.93	0.97	1.12	1.57	2.10	3.07	3.64	4.17	5.07
2007-07-24	0.90	0.93	0.97	1.11	1.54	2.04	3.04	3.60	4.12	5.04
2007-07-25	0.91	0.93	0.98	1.13	1.54	2.05	3.08	3.66	4.20	5.12
2007-07-26	0.92	0.93	0.98	1.13	1.52	2.06	3.10	3.69	4.22	5.15
2007-07-29	0.97	0.97	1.01	1.17	1.61	2.17	3.21	3.79	4.31	5.23
2007-07-30	0.99	0.99	1.01	1.17	1.67	2.26	3.33	3.90	4.42	5.33
2007-07-31	0.94	0.98	1.01	1.17	1.64	2.21	3.27	3.85	4.34	5.27
2007-08-01	0.91	0.96	1.02	1.28	1.80	2.33	3.38	3.98	4.49	5.43
2007-08-02	0.91	0.95	1.05	1.31	1.85	2.38	3.37	4.01	4.44	5.42
2007-08-05	0.91	0.97	1.05	1.24	1.71	2.24	3.24	3.86	4.35	5.36
2007-08-06	0.93	0.96	1.05	1.32	1.88	2.44	3.37	3.98	4.47	5.48
2007-08-07	0.92	0.95	1.04	1.28	1.78	2.36	3.25	3.82	4.32	5.31
2007-08-08	0.91	0.95	1.04	1.26	1.74	2.30	3.19	3.78	4.30	5.27
2007-08-09	0.91	0.96	1.03	1.22	1.72	2.27	3.17	3.76	4.27	5.29
2007-08-12	0.92	0.96	1.06	1.30	1.81	2.35	3.26	3.86	4.38	5.36
2007-08-13	0.93	0.95	1.04	1.25	1.71	2.29	3.23	3.85	4.37	5.36
2007-08-14	0.95	0.96	1.05	1.31	1.86	2.47	3.43	4.06	4.58	5.55
2007-08-15	0.96	0.96	1.06	1.31	1.86	2.47	3.42	4.05	4.55	5.49
2007-08-16	0.92	0.95	1.05	1.30	1.85	2.47	3.42	4.04	4.55	5.49
2007-08-19	0.97	0.96	1.06	1.33	1.87	2.46	3.37	3.99	4.49	5.45
2007-08-20	0.96	0.96	1.04	1.29	1.81	2.37	3.27	3.89	4.38	5.33
2007-08-21	0.94	0.96	1.04	1.30	1.84	2.43	3.35	3.96	4.45	5.39
2007-08-22	0.95	0.97	1.07	1.37	1.98	2.56	3.51	4.07	4.53	5.43
2007-08-23	0.96	0.98	1.06	1.35	1.97	2.54	3.47	4.03	4.48	5.37
2007-08-26	0.97	1.02	1.07	1.35	2.02	2.59	3.52	4.08	4.53	5.43
2007-08-27	1.01	1.01	1.06	1.32	1.96	2.55	3.50	4.05	4.50	5.39
2007-08-28	1.00	1.00	1.06	1.38	2.05	2.61	3.55	4.11	4.54	5.43
2007-08-29	0.99	0.99	1.06	1.34	1.93	2.48	3.42	3.96	4.42	5.31
2007-08-30	0.98	0.98	1.06	1.35	1.95	2.51	3.46	4.00	4.45	5.33
2007-09-03	0.98	0.98	1.07	1.39	2.04	2.62	3.63	4.17	4.61	5.48
2007-09-04	0.98	0.97	1.04	1.36	2.02	2.62	3.61	4.15	4.60	5.49
2007-09-05	0.96	0.97	1.05	1.33	1.91	2.51	3.50	4.04	4.52	5.43
2007-09-06	0.95	0.96	1.03	1.24	1.72	2.28	3.28	3.83	4.35	5.29
2007-09-09	0.95	0.97	1.05	1.27	1.75	2.33	3.32	3.88	4.41	5.33
2007-09-10	0.95	0.96	1.03	1.23	1.71	2.29	3.28	3.85	4.37	5.31
2007-09-11	0.94	0.96	1.02	1.20	1.64	2.19	3.18	3.73	4.28	5.22
2007-09-12	0.93	0.96	1.02	1.22	1.71	2.27	3.24	3.79	4.35	5.27
2007-09-13	0.91	0.96	1.02	1.20	1.66	2.19	3.15	3.72	4.27	5.22
2007-09-16	0.91	0.96	1.03	1.20	1.63	2.17	3.12	3.71	4.28	5.24
2007-09-17	0.91	0.93	1.02	1.22	1.63	2.16	3.12	3.72	4.29	5.26
2007-09-18	0.90	0.95	1.02	1.19	1.63	2.13	3.06	3.64	4.20	5.15
2007-09-19	0.89	0.96	1.02	1.23	1.68	2.16	3.09	3.66	4.19	5.15
2007-09-20	0.88	0.95	1.02	1.23	1.70	2.20	3.11	3.66	4.17	5.12
2007-09-23	0.88	0.95	1.04	1.24	1.70	2.21	3.16	3.73	4.26	5.20
2007-09-24	0.89	0.93	1.03	1.24	1.68	2.20	3.13	3.70	4.24	5.16
2007-09-25	0.89	0.95	1.02	1.22	1.66	2.15	3.07	3.62	4.16	5.09
2007-09-26	0.88	0.94	1.02	1.21	1.65	2.14	3.05	3.59	4.12	5.04
2007-09-27	0.87	0.94	1.02	1.21	1.60	2.06	2.95	3.49	4.04	4.98
2007-09-30	0.87	0.96	1.03	1.21	1.61	2.07	2.98	3.54	4.09	5.03
2007-10-01	0.87	0.95	1.01	1.15	1.50	1.95	2.85	3.41	3.96	4.91
2007-10-02	0.88	0.95	1.00	1.13	1.47	1.93	2.84	3.40	3.96	4.92
2007-10-03	0.86	0.94	1.00	1.14	1.48	1.96	2.90	3.48	4.03	4.97
2007-10-04	0.87	0.94	1.01	1.20	1.65	2.17	3.12	3.69	4.21	5.15
2007-10-07	0.87	0.94	0.97	1.15	1.60	2.11	3.06	3.63	4.17	5.10
2007-10-08	0.85	0.92	1.01	1.21	1.67	2.19	3.15	3.73	4.27	5.21
2007-10-09	0.88	0.91	1.00	1.21	1.65	2.17	3.14	3.72	4.27	5.22
2007-10-10	0.90	0.91	1.00	1.22	1.69	2.20	3.17	3.77	4.32	5.27
2007-10-11	0.89	0.92	1.00	1.21	1.65	2.18	3.15	3.72	4.29	5.23
2007-10-15	0.89	0.93	1.01	1.23	1.73	2.25	3.23	3.82	4.37	5.32
2007-10-16	0.90	0.93	1.01	1.27	1.79	2.32	3.30	3.88	4.43	5.36
2007-10-17	0.90	0.93	1.03	1.34	1.96	2.47	3.40	3.97	4.47	5.38
2007-10-18	0.90	0.93	1.02	1.31	1.90	2.41	3.33	3.90	4.41	5.32
2007-10-21	0.90	0.95	1.04	1.32	1.88	2.42	3.33	3.89	4.41	5.30
2007-10-22	0.92	0.93	1.04	1.32	1.89	2.41	3.31	3.86	4.38	5.28
2007-10-23	0.92	0.96	1.03	1.28	1.80	2.33	3.21	3.77	4.29	5.19
2007-10-24	0.92	0.96	1.03	1.30	1.84	2.37	3.24	3.81	4.34	5.25
2007-10-25	0.92	0.95	1.03	1.27	1.76	2.26	3.13	3.68	4.24	5.14
2007-10-28	0.95	0.98	1.05	1.31	1.83	2.35	3.21	3.75	4.30	5.19
2007-10-29	0.98	0.96	1.03	1.25	1.71	2.23	3.11	3.67	4.23	5.14
2007-10-30	0.98	0.96	1.04	1.29	1.79	2.32	3.20	3.76	4.31	5.21
2007-10-31	0.97	0.96	1.04	1.32	1.86	2.39	3.29	3.83	4.36	5.25
2007-11-01	0.96	0.96	1.04	1.31	1.85	2.36	3.27	3.80	4.33	5.20
2007-11-04	0.97	0.96	1.05	1.33	1.90	2.44	3.34	3.88	4.40	5.25
2007-11-05	0.97	0.95	1.03	1.31	1.86	2.40	3.28	3.81	4.33	5.19
2007-11-06	0.96	0.96	1.05	1.35	1.94	2.46	3.35	3.88	4.38	5.24
2007-11-07	0.95	0.96	1.06	1.38	2.01	2.55	3.43	3.96	4.45	5.32
2007-11-08	0.95	0.96	1.07	1.40	2.04	2.60	3.47	3.99	4.48	5.33
2007-11-11	0.92	0.97	1.07	1.39	2.06	2.63	3.49	4.00	4.49	5.34
2007-11-13	0.92	0.95	1.06	1.39	2.05	2.59	3.45	3.95	4.44	5.29
2007-11-14	0.91	0.94	1.04	1.33	1.92	2.45	3.29	3.79	4.30	5.16
2007-11-15	0.92	0.95	1.04	1.31	1.84	2.36	3.19	3.70	4.22	5.10
2007-11-18	0.93	0.96	1.04	1.29	1.80	2.31	3.14	3.68	4.18	5.07
2007-11-19	0.95	0.96	1.04	1.30	1.83	2.32	3.14	3.66	4.17	5.05
2007-11-20	0.94	0.95	1.03	1.32	1.90	2.42	3.22	3.75	4.24	5.12
2007-11-21	0.93	0.95	1.01	1.28	1.83	2.35	3.14	3.67	4.16	5.06
2007-11-22	0.93	0.94	1.02	1.29	1.84	2.35	3.15	3.67	4.15	5.05
2007-11-25	0.94	0.96	1.04	1.33	1.94	2.44	3.24	3.76	4.23	5.11
2007-11-26	0.97	0.95	1.03	1.32	1.89	2.40	3.20	3.72	4.19	5.07
2007-11-27	0.97	0.94	1.04	1.35	1.97	2.48	3.27	3.79	4.25	5.12
2007-11-29	0.96	0.93	1.04	1.39	2.06	2.56	3.38	3.89	4.34	5.20
2007-12-02	0.96	0.95	1.06	1.41	2.12	2.64	3.46	3.98	4.40	5.23
2007-12-03	0.96	0.94	1.04	1.38	2.07	2.60	3.43	3.95	4.38	5.22
2007-12-04	0.96	0.94	1.04	1.39	2.09	2.63	3.46	3.98	4.41	5.25
2007-12-05	0.94	0.93	1.04	1.38	2.06	2.61	3.42	3.93	4.38	5.22
2007-12-06	0.93	0.92	1.01	1.30	1.88	2.42	3.23	3.76	4.23	5.09
2007-12-09	0.94	0.93	1.03	1.33	1.94	2.48	3.28	3.81	4.29	5.15
2007-12-10	0.93	0.93	1.04	1.35	1.97	2.51	3.33	3.85	4.32	5.18
2007-12-11	0.92	0.93	1.03	1.33	1.94	2.48	3.28	3.82	4.30	5.16
2007-12-12	0.87	0.90	0.99	1.27	1.83	2.37	3.21	3.76	4.27	5.14
2007-12-13	0.88	0.91	0.99	1.28	1.84	2.40	3.23	3.75	4.26	5.12
2007-12-16	0.87	0.90	1.01	1.30	1.88	2.41	3.26	3.79	4.28	5.13
2007-12-17	0.88	0.91	1.00	1.28	1.83	2.37	3.21	3.74	4.24	5.10
2007-12-18	0.85	0.90	0.99	1.26	1.83	2.37	3.18	3.70	4.19	5.05
2007-12-19	0.86	0.89	0.96	1.24	1.85	2.38	3.17	3.67	4.16	4.99
2007-12-20	0.87	0.88	0.96	1.25	1.82	2.35	3.16	3.67	4.15	4.99
2007-12-23	0.88	0.90	0.99	1.27	1.84	2.37	3.19	3.70	4.18	5.02
2007-12-24	0.89	0.90	1.00	1.31	1.96	2.47	3.30	3.81	4.28	5.09
2007-12-25	0.87	0.90	1.00	1.28	1.83	2.36	3.20	3.72	4.20	5.02
2007-12-27	0.76	0.87	0.99	1.27	1.82	2.33	3.17	3.67	4.17	4.99
2007-12-30	0.79	0.90	1.03	1.31	1.86	2.37	3.23	3.76	4.24	5.07
2007-12-31	0.88	0.94	1.02	1.28	1.86	2.39	3.26	3.80	4.29	5.12
2008-01-01	0.90	0.95	1.02	1.26	1.84	2.37	3.25	3.77	4.27	5.10
2008-01-03	0.88	0.93	1.02	1.31	1.94	2.47	3.36	3.90	4.38	5.21
2008-01-06	0.88	0.91	1.05	1.35	1.95	2.51	3.39	3.92	4.41	5.23
2008-01-07	0.88	0.91	1.03	1.30	1.84	2.38	3.26	3.80	4.29	5.13
2008-01-08	0.88	0.91	1.02	1.29	1.84	2.36	3.25	3.76	4.27	5.11
2008-01-09	0.87	0.88	1.01	1.29	1.85	2.37	3.24	3.76	4.27	5.12
2008-01-10	0.87	0.87	0.97	1.21	1.68	2.17	3.05	3.58	4.11	4.98
2008-01-13	0.88	0.89	0.98	1.21	1.68	2.18	3.04	3.58	4.11	4.99
2008-01-14	0.86	0.89	0.97	1.18	1.63	2.12	2.98	3.51	4.05	4.95
2008-01-15	0.85	0.88	0.96	1.19	1.65	2.13	2.96	3.49	4.01	4.90
2008-01-16	0.82	0.88	0.96	1.18	1.67	2.16	2.97	3.48	3.99	4.87
2008-01-17	0.80	0.89	0.97	1.21	1.70	2.19	3.03	3.54	4.04	4.90
2008-01-21	0.80	0.89	0.98	1.21	1.69	2.21	3.05	3.58	4.08	4.93
2008-01-22	0.82	0.89	0.96	1.19	1.69	2.20	3.02	3.55	4.05	4.92
2008-01-23	0.74	0.88	0.96	1.19	1.66	2.14	2.96	3.49	3.99	4.86
2008-01-24	0.79	0.90	0.96	1.21	1.71	2.22	3.06	3.59	4.09	4.95
2008-01-27	0.82	0.90	0.99	1.23	1.75	2.27	3.13	3.66	4.16	5.01
2008-01-28	0.89	0.91	0.98	1.21	1.70	2.21	3.07	3.60	4.11	4.96
2008-01-29	0.89	0.94	1.00	1.26	1.87	2.39	3.22	3.72	4.22	5.06
2008-01-30	0.87	0.94	1.02	1.29	1.88	2.39	3.22	3.74	4.22	5.05
2008-01-31	0.85	0.92	1.01	1.28	1.84	2.35	3.17	3.68	4.16	5.00
2008-02-03	0.87	0.94	1.03	1.29	1.83	2.36	3.18	3.70	4.18	5.02
2008-02-04	0.93	0.94	1.02	1.27	1.78	2.30	3.12	3.65	4.13	4.98
2008-02-05	0.91	0.94	1.01	1.27	1.80	2.32	3.15	3.67	4.15	5.00
2008-02-06	0.89	0.94	1.02	1.29	1.85	2.40	3.21	3.72	4.20	5.02
2008-02-07	0.89	0.93	1.01	1.26	1.77	2.29	3.12	3.63	4.12	4.95
2008-02-10	0.89	0.94	1.02	1.25	1.76	2.26	3.08	3.60	4.09	4.93
2008-02-11	0.91	0.95	1.02	1.27	1.82	2.33	3.13	3.64	4.13	4.97
2008-02-12	0.89	0.93	1.00	1.23	1.73	2.23	3.03	3.56	4.05	4.90
2008-02-13	0.90	0.93	1.00	1.24	1.75	2.26	3.07	3.58	4.10	4.94
2008-02-14	0.90	0.92	0.98	1.21	1.70	2.19	3.01	3.54	4.05	4.92
2008-02-18	0.90	0.95	1.00	1.21	1.70	2.20	3.02	3.54	4.05	4.91
2008-02-19	0.93	0.94	1.00	1.23	1.72	2.22	3.03	3.55	4.05	4.91
2008-02-20	0.93	0.94	1.00	1.23	1.70	2.20	3.02	3.54	4.05	4.91
2008-02-21	0.93	0.94	1.01	1.26	1.75	2.25	3.08	3.59	4.10	4.96
2008-02-24	0.95	0.97	1.02	1.22	1.69	2.21	3.03	3.55	4.05	4.92
2008-02-25	0.97	0.97	1.02	1.23	1.69	2.20	3.01	3.53	4.04	4.90
2008-02-26	0.96	0.96	1.02	1.23	1.67	2.16	2.98	3.51	4.02	4.89
2008-02-27	0.97	0.96	1.02	1.23	1.69	2.18	3.01	3.54	4.05	4.92
2008-02-28	0.95	0.96	1.01	1.21	1.66	2.13	3.01	3.48	3.99	4.85
2008-03-02	0.97	0.97	1.02	1.23	1.67	2.15	2.98	3.49	4.00	4.86
2008-03-03	0.98	0.97	1.03	1.26	1.74	2.21	3.04	3.55	4.05	4.90
2008-03-04	0.97	0.97	1.02	1.26	1.74	2.23	3.06	3.57	4.07	4.92
2008-03-05	0.97	0.96	1.02	1.25	1.73	2.21	3.02	3.53	4.04	4.89
2008-03-06	0.95	0.94	0.99	1.16	1.57	2.02	2.81	3.32	3.85	4.73
2008-03-09	0.95	0.96	1.01	1.15	1.52	1.95	2.74	3.26	3.78	4.69
2008-03-10	0.98	0.96	1.00	1.15	1.51	1.92	2.68	3.20	3.73	4.64
2008-03-11	0.97	0.96	1.00	1.17	1.54	1.94	2.71	3.21	3.74	4.65
2008-03-12	0.96	0.97	1.00	1.15	1.52	1.95	2.72	3.23	3.74	4.66
2008-03-13	0.96	0.96	1.01	1.18	1.54	1.95	2.73	3.24	3.78	4.68
2008-03-16	0.94	0.96	1.02	1.18	1.56	1.97	2.74	3.25	3.78	4.67
2008-03-17	0.97	0.96	1.01	1.17	1.51	1.89	2.65	3.17	3.70	4.61
2008-03-18	0.94	0.93	1.01	1.18	1.53	1.92	2.66	3.18	3.71	4.62
2008-03-19	0.93	0.93	1.00	1.17	1.55	1.96	2.72	3.25	3.76	4.66
2008-03-20	0.93	0.94	1.01	1.19	1.56	1.97	2.75	3.28	3.80	4.68
2008-03-23	0.94	0.95	1.02	1.17	1.52	1.93	2.69	3.22	3.74	4.63
2008-03-24	0.96	0.95	1.01	1.17	1.52	1.92	2.69	3.21	3.73	4.62
2008-03-25	0.95	0.93	1.00	1.16	1.50	1.91	2.68	3.21	3.73	4.62
2008-03-26	0.95	0.94	0.99	1.15	1.51	1.91	2.70	3.23	3.75	4.65
2008-03-27	0.94	0.95	1.00	1.19	1.59	2.00	2.81	3.33	3.85	4.75
2008-03-30	0.95	0.96	1.02	1.21	1.63	2.05	2.86	3.39	3.91	4.80
2008-03-31	0.97	0.96	1.01	1.21	1.63	2.05	2.86	3.39	3.91	4.80
2008-04-01	0.96	0.95	1.01	1.20	1.60	1.99	2.80	3.33	3.86	4.77
2008-04-02	0.95	0.93	1.02	1.23	1.65	2.06	2.87	3.38	3.91	4.77
2008-04-03	0.93	0.95	1.03	1.30	1.86	2.33	3.15	3.66	4.15	4.97
2008-04-06	0.94	0.94	1.06	1.34	1.91	2.40	3.24	3.76	4.24	5.05
2008-04-07	0.94	0.94	1.04	1.31	1.86	2.35	3.19	3.70	4.19	5.01
2008-04-08	0.94	0.95	1.04	1.31	1.87	2.36	3.19	3.71	4.19	5.02
2008-04-09	0.93	0.93	1.04	1.32	1.88	2.37	3.22	3.73	4.21	5.04
2008-04-13	0.92	0.94	1.06	1.34	1.91	2.41	3.26	3.78	4.25	5.08
2008-04-14	0.91	0.94	1.08	1.39	2.01	2.52	3.37	3.89	4.35	5.17
2008-04-15	0.92	0.95	1.13	1.48	2.13	2.60	3.44	3.95	4.40	5.21
2008-04-16	0.92	0.95	1.12	1.46	2.10	2.59	3.45	3.96	4.42	5.22
2008-04-17	0.91	0.94	1.08	1.40	2.03	2.53	3.39	3.90	4.37	5.20
2008-04-20	0.92	0.96	1.11	1.43	2.07	2.58	3.42	3.93	4.39	5.22
2008-04-21	0.93	0.97	1.13	1.46	2.11	2.62	3.45	3.97	4.43	5.24
2008-04-22	0.93	0.99	1.17	1.52	2.22	2.71	3.52	4.01	4.45	5.25
2008-04-23	0.81	0.97	1.14	1.49	2.15	2.64	3.46	3.95	4.40	5.20
2008-04-24	0.87	0.98	1.20	1.59	2.29	2.78	3.58	4.07	4.48	5.27
2008-04-27	0.88	0.99	1.19	1.57	2.28	2.78	3.57	4.05	4.46	5.25
2008-04-28	0.91	0.98	1.17	1.53	2.21	2.74	3.52	4.01	4.43	5.22
2008-04-29	0.87	0.97	1.16	1.54	2.30	2.82	3.60	4.08	4.50	5.28
2008-04-30	0.85	0.97	1.15	1.55	2.34	2.88	3.66	4.14	4.55	5.33
2008-05-01	0.83	0.98	1.17	1.55	2.31	2.86	3.63	4.11	4.53	5.31
2008-05-04	0.83	1.00	1.21	1.60	2.34	2.86	3.63	4.11	4.53	5.30
2008-05-05	0.93	1.00	1.19	1.57	2.32	2.88	3.66	4.15	4.56	5.34
2008-05-06	0.90	0.99	1.17	1.56	2.34	2.91	3.71	4.18	4.61	5.38
2008-05-07	0.89	1.00	1.21	1.61	2.39	2.94	3.72	4.20	4.63	5.41
2008-05-08	0.90	1.07	1.35	1.83	2.64	3.19	3.96	4.41	4.79	5.53
2008-05-11	0.89	1.08	1.36	1.85	2.61	3.18	3.95	4.41	4.81	5.54
2008-05-12	0.91	1.05	1.35	1.83	2.61	3.19	3.94	4.39	4.79	5.53
2008-05-13	0.90	1.04	1.33	1.81	2.62	3.19	3.96	4.41	4.83	5.57
2008-05-14	0.88	1.00	1.34	1.84	2.67	3.24	4.01	4.46	4.85	5.61
2008-05-15	0.87	0.99	1.34	1.81	2.59	3.16	3.92	4.39	4.79	5.54
2008-05-18	0.90	1.06	1.35	1.80	2.51	3.07	3.83	4.29	4.70	5.47
2008-05-19	0.91	1.05	1.37	1.83	2.58	3.13	3.87	4.34	4.74	5.48
2008-05-20	0.91	1.04	1.38	1.85	2.61	3.18	3.93	4.39	4.79	5.54
2008-05-21	0.90	1.03	1.36	1.81	2.55	3.12	3.86	4.33	4.72	5.47
2008-05-22	0.91	1.03	1.39	1.84	2.60	3.18	3.91	4.37	4.76	5.50
2008-05-25	0.92	1.07	1.41	1.86	2.59	3.17	3.90	4.36	4.75	5.48
2008-05-26	0.95	1.07	1.41	1.84	2.58	3.16	3.89	4.34	4.73	5.45
2008-05-27	0.94	1.08	1.39	1.81	2.52	3.08	3.81	4.27	4.67	5.41
2008-05-28	0.94	1.06	1.37	1.77	2.46	3.02	3.74	4.20	4.60	5.34
2008-05-29	0.94	1.08	1.39	1.83	2.54	3.10	3.81	4.26	4.66	5.39
2008-06-02	0.97	1.17	1.44	1.89	2.60	3.14	3.86	4.31	4.71	5.45
2008-06-03	0.97	1.17	1.45	1.92	2.65	3.19	3.91	4.35	4.74	5.47
2008-06-04	0.96	1.17	1.45	1.91	2.63	3.17	3.89	4.34	4.71	5.46
2008-06-05	0.96	1.21	1.51	1.97	2.70	3.25	3.97	4.41	4.78	5.51
2008-06-08	0.97	1.24	1.54	1.96	2.67	3.22	3.95	4.39	4.78	5.51
2008-06-09	1.03	1.27	1.56	2.02	2.73	3.24	3.96	4.40	4.78	5.50
2008-06-10	1.03	1.27	1.61	2.14	2.79	3.31	4.01	4.44	4.82	5.54
2008-06-11	1.02	1.30	1.65	2.14	2.81	3.32	4.00	4.43	4.81	5.52
2008-06-15	1.07	1.41	1.77	2.25	2.97	3.45	4.10	4.51	4.89	5.59
2008-06-16	1.09	1.34	1.68	2.16	2.77	3.26	3.90	4.31	4.69	5.41
2008-06-17	1.05	1.30	1.69	2.24	2.84	3.31	3.96	4.36	4.74	5.46
2008-06-18	1.02	1.28	1.66	2.21	2.81	3.28	3.93	4.33	4.71	5.42
2008-06-19	1.03	1.29	1.68	2.24	2.81	3.28	3.94	4.34	4.72	5.43
2008-06-22	1.04	1.33	1.70	2.17	2.80	3.26	3.91	4.33	4.70	5.42
2008-06-23	1.08	1.32	1.69	2.21	2.80	3.28	3.92	4.34	4.72	5.43
2008-06-24	1.08	1.29	1.69	2.15	2.78	3.25	3.90	4.33	4.71	5.41
2008-06-25	1.10	1.29	1.68	2.11	2.74	3.21	3.85	4.27	4.66	5.36
2008-06-26	1.10	1.31	1.69	2.14	2.74	3.20	3.85	4.27	4.66	5.37
2008-06-29	1.12	1.38	1.77	2.30	2.86	3.32	3.97	4.37	4.76	5.46
2008-06-30	1.19	1.38	1.75	2.20	2.83	3.28	3.92	4.33	4.70	5.41
2008-07-01	1.17	1.33	1.68	2.09	2.70	3.16	3.81	4.24	4.62	5.33
2008-07-02	1.01	1.22	1.64	2.07	2.64	3.08	3.74	4.18	4.57	5.31
2008-07-03	1.07	1.30	1.61	2.02	2.54	2.96	3.62	4.08	4.48	5.22
2008-07-07	1.11	1.34	1.68	2.15	2.56	2.99	3.65	4.10	4.49	5.24
2008-07-08	1.16	1.30	1.64	2.00	2.56	2.99	3.67	4.10	4.50	5.24
2008-07-09	1.14	1.27	1.63	1.99	2.55	2.97	3.65	4.09	4.49	5.24
2008-07-10	1.14	1.28	1.63	2.00	2.55	2.96	3.64	4.08	4.49	5.23
2008-07-13	1.16	1.34	1.67	2.02	2.53	2.96	3.62	4.06	4.46	5.22
2008-07-14	1.19	1.34	1.69	2.05	2.58	3.00	3.66	4.10	4.50	5.25
2008-07-15	1.17	1.34	1.69	2.08	2.62	3.02	3.68	4.10	4.50	5.24
2008-07-16	1.15	1.35	1.68	2.11	2.64	3.04	3.69	4.10	4.50	5.24
2008-07-17	1.15	1.35	1.66	2.08	2.54	2.93	3.56	3.99	4.38	5.14
2008-07-20	1.16	1.35	1.68	2.10	2.56	2.94	3.57	3.99	4.38	5.14
2008-07-21	1.22	1.36	1.70	2.13	2.67	3.06	3.68	4.09	4.47	5.21
2008-07-22	1.21	1.35	1.71	2.14	2.71	3.10	3.72	4.13	4.50	5.24
2008-07-23	1.21	1.37	1.71	2.12	2.69	3.09	3.71	4.11	4.48	5.22
2008-07-24	1.23	1.38	1.71	2.12	2.69	3.08	3.69	4.08	4.45	5.20
2008-07-27	1.29	1.45	1.78	2.18	2.75	3.13	3.73	4.13	4.49	5.23
2008-07-28	1.35	1.46	1.79	2.19	2.82	3.23	3.85	4.25	4.62	5.35
2008-07-29	1.32	1.46	1.78	2.17	2.78	3.19	3.82	4.23	4.61	5.35
2008-07-30	1.29	1.45	1.77	2.15	2.75	3.16	3.80	4.23	4.60	5.34
2008-07-31	1.27	1.45	1.77	2.13	2.68	3.09	3.71	4.13	4.50	5.24
2008-08-03	1.28	1.50	1.78	2.12	2.66	3.06	3.68	4.10	4.48	5.22
2008-08-04	1.37	1.48	1.77	2.11	2.66	3.05	3.67	4.08	4.45	5.20
2008-08-05	1.34	1.49	1.76	2.11	2.66	3.05	3.66	4.08	4.45	5.20
2008-08-06	1.34	1.48	1.75	2.09	2.64	3.04	3.64	4.05	4.43	5.18
2008-08-07	1.36	1.44	1.67	1.91	2.40	2.79	3.40	3.84	4.24	5.04
2008-08-10	1.40	1.51	1.73	1.97	2.45	2.86	3.45	3.88	4.28	5.06
2008-08-11	1.42	1.50	1.75	2.01	2.55	2.94	3.52	3.94	4.32	5.08
2008-08-12	1.40	1.44	1.73	2.00	2.54	2.91	3.51	3.92	4.30	5.07
2008-08-13	1.31	1.43	1.73	1.99	2.52	2.89	3.47	3.89	4.27	5.05
2008-08-14	1.32	1.44	1.72	1.97	2.47	2.85	3.42	3.85	4.22	5.02
2008-08-17	1.36	1.49	1.77	2.01	2.51	2.87	3.45	3.89	4.26	5.06
2008-08-18	1.38	1.48	1.75	1.98	2.44	2.81	3.39	3.83	4.21	5.02
2008-08-19	1.37	1.49	1.74	1.97	2.44	2.82	3.41	3.85	4.23	5.04
2008-08-20	1.35	1.48	1.73	1.96	2.43	2.80	3.39	3.84	4.22	5.03
2008-08-21	1.34	1.49	1.74	1.98	2.46	2.83	3.42	3.86	4.24	5.03
2008-08-24	1.33	1.54	1.80	2.03	2.50	2.87	3.46	3.90	4.28	5.08
2008-08-25	1.39	1.54	1.80	2.03	2.50	2.87	3.46	3.91	4.28	5.08
2008-08-26	1.38	1.54	1.79	2.03	2.51	2.88	3.46	3.89	4.26	5.06
2008-08-27	1.40	1.55	1.79	2.02	2.48	2.85	3.42	3.85	4.22	5.03
2008-08-28	1.43	1.56	1.80	2.03	2.48	2.85	3.43	3.86	4.23	5.02
2008-08-31	1.45	1.61	1.83	2.04	2.47	2.82	3.40	3.82	4.19	4.99
2008-09-01	1.45	1.59	1.79	1.99	2.41	2.75	3.33	3.76	4.13	4.93
2008-09-02	1.43	1.58	1.79	1.99	2.41	2.74	3.32	3.76	4.13	4.93
2008-09-03	1.46	1.60	1.80	2.02	2.46	2.80	3.40	3.83	4.20	4.99
2008-09-04	1.49	1.65	1.87	2.12	2.61	2.94	3.52	3.93	4.30	5.07
2008-09-08	1.53	1.66	1.91	2.13	2.58	2.91	3.48	3.89	4.26	5.03
2008-09-09	1.57	1.65	1.88	2.09	2.50	2.83	3.40	3.80	4.18	4.96
2008-09-10	1.57	1.64	1.88	2.09	2.50	2.85	3.41	3.84	4.22	4.99
2008-09-11	1.60	1.66	1.87	2.08	2.50	2.84	3.40	3.79	4.19	4.97
2008-09-14	1.59	1.66	1.89	2.10	2.50	2.83	3.38	3.78	4.16	4.94
2008-09-15	1.57	1.66	1.88	2.08	2.47	2.81	3.35	3.76	4.15	4.93
2008-09-16	1.56	1.67	1.88	2.09	2.51	2.84	3.39	3.80	4.18	4.96
2008-09-17	1.55	1.67	1.87	2.06	2.44	2.75	3.29	3.69	4.08	4.86
2008-09-18	1.58	1.71	1.90	2.11	2.53	2.83	3.35	3.75	4.14	4.91
2008-09-21	1.60	1.73	1.92	2.10	2.46	2.75	3.28	3.68	4.07	4.85
2008-09-22	1.62	1.72	1.93	2.12	2.49	2.79	3.28	3.66	4.05	4.82
2008-09-23	1.53	1.71	1.93	2.12	2.50	2.78	3.26	3.62	4.00	4.75
2008-09-24	1.53	1.72	1.95	2.16	2.57	2.83	3.30	3.66	4.02	4.78
2008-09-25	1.53	1.73	1.99	2.20	2.62	2.88	3.33	3.69	4.04	4.78
2008-09-28	1.59	1.74	2.00	2.20	2.59	2.84	3.29	3.65	4.01	4.75
2008-09-29	1.62	1.72	1.99	2.18	2.55	2.80	3.28	3.66	4.02	4.78
2008-09-30	1.52	1.72	1.99	2.20	2.61	2.89	3.37	3.75	4.10	4.85
2008-10-01	1.47	1.71	2.00	2.21	2.63	2.89	3.38	3.79	4.14	4.89
2008-10-02	1.52	1.71	2.00	2.21	2.63	2.92	3.44	3.85	4.21	4.95
2008-10-05	1.54	1.71	2.04	2.25	2.65	2.93	3.44	3.84	4.19	4.93
2008-10-06	1.57	1.71	2.03	2.23	2.65	2.93	3.44	3.83	4.18	4.93
2008-10-07	1.56	1.71	2.04	2.26	2.70	2.99	3.51	3.88	4.23	4.97
2008-10-08	1.56	1.70	2.03	2.26	2.72	3.01	3.53	3.92	4.26	5.00
2008-10-09	1.56	1.71	2.01	2.21	2.61	2.88	3.39	3.80	4.15	4.91
2008-10-13	1.59	1.72	2.02	2.20	2.56	2.84	3.35	3.77	4.12	4.88
2008-10-14	1.59	1.72	2.00	2.17	2.53	2.80	3.32	3.74	4.09	4.86
2008-10-15	1.60	1.74	1.99	2.15	2.48	2.76	3.26	3.68	4.03	4.81
2008-10-16	1.59	1.76	2.00	2.18	2.53	2.80	3.31	3.72	4.07	4.84
2008-10-19	1.61	1.81	2.05	2.21	2.55	2.82	3.31	3.72	4.07	4.84
2008-10-20	1.63	1.82	2.05	2.22	2.57	2.84	3.32	3.73	4.07	4.83
2008-10-21	1.62	1.82	2.04	2.20	2.53	2.78	3.26	3.66	4.01	4.77
2008-10-22	1.64	1.85	2.06	2.23	2.57	2.83	3.29	3.68	4.01	4.76
2008-10-23	1.65	1.85	2.07	2.23	2.55	2.79	3.26	3.66	4.00	4.75
2008-10-26	1.73	1.90	2.10	2.24	2.54	2.78	3.25	3.63	3.99	4.74
2008-10-27	1.82	1.91	2.10	2.24	2.54	2.80	3.26	3.65	4.01	4.75
2008-10-28	1.78	1.92	2.13	2.30	2.63	2.89	3.37	3.76	4.11	4.85
2008-10-29	1.71	1.91	2.14	2.29	2.59	2.86	3.34	3.74	4.09	4.83
2008-10-30	1.73	1.91	2.13	2.28	2.56	2.82	3.30	3.70	4.05	4.79
2008-11-02	1.79	1.99	2.20	2.34	2.61	2.89	3.36	3.76	4.11	4.84
2008-11-03	1.86	1.97	2.19	2.33	2.60	2.86	3.34	3.75	4.10	4.84
2008-11-04	1.83	1.96	2.18	2.32	2.60	2.85	3.35	3.74	4.09	4.83
2008-11-05	1.85	1.98	2.19	2.34	2.63	2.89	3.37	3.76	4.10	4.82
2008-11-06	1.86	2.03	2.27	2.44	2.80	3.04	3.51	3.88	4.21	4.92
2008-11-09	1.88	2.07	2.30	2.47	2.80	3.08	3.51	3.88	4.22	4.95
2008-11-10	1.89	2.08	2.29	2.46	2.80	3.05	3.53	3.88	4.22	4.95
2008-11-11	1.88	2.08	2.29	2.47	2.82	3.07	3.56	3.89	4.25	4.97
2008-11-13	1.91	2.08	2.31	2.49	2.86	3.10	3.53	3.89	4.20	4.91
2008-11-16	1.92	2.12	2.34	2.53	2.89	3.12	3.53	3.89	4.20	4.91
2008-11-17	1.93	2.14	2.36	2.54	2.91	3.14	3.56	3.91	4.21	4.92
2008-11-18	1.90	2.13	2.33	2.50	2.85	3.07	3.47	3.83	4.14	4.85
2008-11-19	1.91	2.13	2.34	2.51	2.86	3.08	3.48	3.81	4.12	4.82
2008-11-20	1.98	2.15	2.36	2.56	2.95	3.17	3.57	3.91	4.20	4.89
2008-11-23	1.98	2.20	2.43	2.60	2.95	3.18	3.56	3.90	4.18	4.85
2008-11-24	1.99	2.19	2.41	2.60	2.98	3.20	3.58	3.92	4.19	4.85
2008-11-25	1.98	2.18	2.40	2.60	3.01	3.23	3.61	3.93	4.20	4.85
2008-11-27	2.01	2.21	2.40	2.61	3.03	3.25	3.64	3.98	4.24	4.90
2008-11-30	2.02	2.23	2.46	2.66	3.07	3.31	3.72	4.06	4.34	4.99
2008-12-01	2.07	2.23	2.44	2.63	3.02	3.29	3.72	4.07	4.36	5.03
2008-12-02	2.06	2.22	2.40	2.60	3.01	3.28	3.72	4.08	4.38	5.04
2008-12-03	2.06	2.22	2.41	2.62	3.04	3.30	3.75	4.10	4.40	5.07
2008-12-04	2.06	2.21	2.39	2.58	2.94	3.19	3.61	3.96	4.27	4.95
2008-12-07	2.09	2.25	2.44	2.60	2.93	3.17	3.59	3.94	4.24	4.92
2008-12-08	2.08	2.25	2.43	2.60	2.95	3.19	3.60	3.94	4.23	4.91
2008-12-09	2.08	2.24	2.42	2.59	2.91	3.12	3.53	3.85	4.14	4.80
2008-12-10	2.07	2.24	2.42	2.59	2.93	3.15	3.54	3.87	4.19	4.84
2008-12-11	2.07	2.25	2.44	2.61	2.95	3.15	3.52	3.85	4.16	4.83
2008-12-14	2.04	2.24	2.50	2.66	2.98	3.18	3.54	3.85	4.16	4.81
2008-12-15	2.01	2.21	2.48	2.65	2.99	3.17	3.53	3.83	4.14	4.79
2008-12-16	1.98	2.21	2.47	2.64	2.97	3.14	3.48	3.78	4.09	4.72
2008-12-17	1.93	2.20	2.47	2.66	3.01	3.21	3.58	3.89	4.19	4.84
2008-12-18	1.95	2.20	2.48	2.67	3.03	3.22	3.59	3.91	4.21	4.85
2008-12-21	1.97	2.22	2.54	2.72	3.06	3.23	3.59	3.91	4.21	4.84
2008-12-22	1.92	2.20	2.54	2.72	3.05	3.22	3.57	3.89	4.18	4.82
2008-12-23	1.84	2.18	2.53	2.71	3.04	3.21	3.57	3.91	4.21	4.85
2008-12-24	1.83	2.19	2.54	2.70	3.02	3.21	3.58	3.92	4.23	4.86
2008-12-28	1.90	2.26	2.63	2.78	3.07	3.26	3.65	3.99	4.30	4.95
2008-12-29	1.88	2.25	2.62	2.77	3.08	3.27	3.66	4.00	4.31	4.94
2008-12-30	1.76	2.22	2.60	2.77	3.12	3.32	3.69	4.03	4.33	4.96
2008-12-31	1.68	2.22	2.59	2.76	3.10	3.27	3.64	3.97	4.27	4.92
2009-01-01	1.89	2.22	2.59	2.75	3.08	3.25	3.63	3.94	4.24	4.85
2009-01-04	1.99	2.32	2.63	2.79	3.10	3.28	3.64	3.94	4.23	4.84
2009-01-05	2.05	2.33	2.63	2.82	3.20	3.38	3.72	4.02	4.29	4.91
2009-01-06	2.04	2.33	2.63	2.83	3.22	3.39	3.73	4.02	4.29	4.88
2009-01-07	2.04	2.31	2.63	2.82	3.18	3.36	3.71	4.01	4.29	4.88
2009-01-08	2.03	2.32	2.63	2.82	3.20	3.40	3.73	4.03	4.29	4.88
2009-01-11	2.07	2.36	2.67	2.86	3.23	3.41	3.75	4.03	4.29	4.86
2009-01-12	2.03	2.34	2.67	2.86	3.24	3.41	3.73	4.00	4.26	4.83
2009-01-13	2.01	2.34	2.64	2.84	3.22	3.38	3.72	4.00	4.25	4.81
2009-01-14	2.06	2.35	2.65	2.84	3.21	3.36	3.68	3.95	4.20	4.75
2009-01-15	2.06	2.37	2.68	2.87	3.24	3.41	3.71	3.97	4.23	4.76
2009-01-19	2.05	2.39	2.71	2.90	3.26	3.42	3.72	3.97	4.21	4.73
2009-01-20	1.95	2.37	2.69	2.88	3.26	3.42	3.73	3.97	4.20	4.71
2009-01-21	1.89	2.35	2.67	2.85	3.21	3.38	3.68	3.94	4.17	4.70
2009-01-22	2.02	2.36	2.66	2.83	3.16	3.33	3.65	3.92	4.16	4.69
2009-01-25	2.05	2.37	2.69	2.86	3.20	3.36	3.65	3.90	4.14	4.65
2009-01-26	2.13	2.39	2.70	2.88	3.23	3.39	3.71	3.97	4.20	4.72
2009-01-27	2.16	2.41	2.71	2.90	3.27	3.43	3.73	3.98	4.21	4.72
2009-01-28	2.16	2.44	2.72	2.91	3.28	3.45	3.75	4.00	4.22	4.73
2009-01-29	2.12	2.46	2.71	2.89	3.25	3.41	3.69	3.93	4.16	4.66
2009-02-01	2.06	2.51	2.79	2.96	3.29	3.43	3.71	3.92	4.14	4.64
2009-02-02	2.23	2.51	2.77	2.95	3.29	3.43	3.71	3.93	4.15	4.65
2009-02-03	2.22	2.51	2.76	2.95	3.32	3.47	3.73	3.93	4.15	4.63
2009-02-04	2.18	2.48	2.76	2.96	3.34	3.51	3.76	3.97	4.18	4.64
2009-02-05	2.20	2.47	2.75	2.93	3.29	3.44	3.68	3.88	4.09	4.54
2009-02-08	2.27	2.51	2.78	2.96	3.31	3.46	3.67	3.87	4.07	4.49
2009-02-09	2.34	2.49	2.78	2.97	3.33	3.47	3.68	3.86	4.05	4.46
2009-02-10	2.34	2.51	2.77	2.93	3.24	3.38	3.58	3.79	4.00	4.43
2009-02-11	2.35	2.51	2.78	2.96	3.29	3.43	3.65	3.86	4.07	4.52
2009-02-12	2.36	2.55	2.83	3.00	3.34	3.48	3.70	3.90	4.10	4.55
2009-02-15	2.37	2.59	2.84	3.03	3.38	3.51	3.70	3.88	4.08	4.51
2009-02-16	2.40	2.59	2.86	3.03	3.37	3.51	3.71	3.91	4.10	4.55
2009-02-17	2.39	2.57	2.86	3.05	3.41	3.56	3.78	3.97	4.16	4.60
2009-02-18	2.40	2.58	2.85	3.03	3.38	3.55	3.78	3.99	4.19	4.65
2009-02-19	2.39	2.61	2.90	3.09	3.45	3.62	3.86	4.07	4.27	4.72
2009-02-23	2.43	2.67	2.94	3.12	3.46	3.62	3.88	4.09	4.29	4.75
2009-02-24	2.47	2.67	2.94	3.12	3.46	3.63	3.87	4.08	4.27	4.73
2009-02-25	2.48	2.69	2.94	3.13	3.52	3.67	3.91	4.10	4.29	4.74
2009-02-26	2.50	2.74	2.95	3.15	3.54	3.68	3.91	4.09	4.27	4.72
2009-03-01	2.51	2.76	3.01	3.20	3.59	3.75	4.00	4.18	4.36	4.79
2009-03-02	2.55	2.75	3.00	3.20	3.59	3.76	4.02	4.19	4.38	4.80
2009-03-03	2.54	2.74	3.00	3.19	3.57	3.75	4.00	4.20	4.38	4.82
2009-03-04	2.55	2.76	3.00	3.19	3.59	3.76	4.02	4.20	4.39	4.82
2009-03-05	2.56	2.76	3.01	3.20	3.57	3.73	3.97	4.15	4.32	4.73
2009-03-08	2.59	2.76	3.02	3.22	3.61	3.76	3.99	4.15	4.31	4.70
2009-03-09	2.61	2.75	3.03	3.23	3.62	3.79	4.05	4.22	4.38	4.78
2009-03-10	2.60	2.76	3.03	3.24	3.66	3.87	4.16	4.35	4.52	4.92
2009-03-11	2.60	2.75	3.04	3.25	3.68	3.87	4.13	4.29	4.48	4.85
2009-03-12	2.60	2.76	3.06	3.28	3.73	3.94	4.22	4.39	4.56	4.93
2009-03-15	2.62	2.80	3.10	3.32	3.75	3.95	4.20	4.36	4.52	4.90
2009-03-16	2.70	2.81	3.10	3.32	3.75	3.96	4.22	4.38	4.54	4.93
2009-03-17	2.68	2.80	3.09	3.30	3.72	3.92	4.18	4.35	4.52	4.91
2009-03-18	2.68	2.79	3.08	3.29	3.70	3.89	4.14	4.30	4.47	4.87
2009-03-19	2.70	2.81	3.11	3.32	3.72	3.91	4.18	4.34	4.51	4.92
2009-03-22	2.72	2.85	3.13	3.33	3.72	3.93	4.18	4.35	4.53	4.94
2009-03-23	2.77	2.89	3.17	3.40	3.86	4.06	4.31	4.45	4.63	5.01
2009-03-24	2.72	2.83	3.14	3.38	3.84	4.05	4.30	4.45	4.61	4.99
2009-03-25	2.70	2.84	3.16	3.41	3.88	4.06	4.30	4.44	4.60	4.97
2009-03-29	2.69	2.84	3.19	3.43	3.90	4.09	4.33	4.48	4.64	5.01
2009-03-30	2.70	2.84	3.17	3.41	3.87	4.05	4.30	4.44	4.60	4.98
2009-03-31	2.71	2.83	3.15	3.39	3.86	4.03	4.26	4.40	4.56	4.93
2009-04-01	2.63	2.79	3.13	3.35	3.80	3.96	4.18	4.33	4.50	4.88
2009-04-02	2.66	2.80	3.13	3.34	3.75	3.90	4.13	4.29	4.46	4.85
2009-04-05	2.64	2.80	3.14	3.34	3.74	3.90	4.13	4.30	4.47	4.84
2009-04-06	2.63	2.79	3.13	3.34	3.75	3.91	4.15	4.31	4.48	4.87
2009-04-07	2.60	2.76	3.11	3.31	3.70	3.86	4.09	4.26	4.44	4.85
2009-04-08	2.61	2.77	3.12	3.32	3.72	3.89	4.13	4.30	4.49	4.90
2009-04-09	2.61	2.79	3.14	3.35	3.77	3.94	4.17	4.32	4.50	4.88
2009-04-12	2.60	2.76	3.17	3.37	3.75	3.91	4.13	4.28	4.45	4.84
2009-04-13	2.62	2.76	3.16	3.34	3.71	3.85	4.05	4.20	4.38	4.78
2009-04-14	2.62	2.77	3.15	3.32	3.66	3.83	4.03	4.20	4.38	4.80
2009-04-15	2.62	2.78	3.14	3.30	3.60	3.76	3.99	4.17	4.37	4.80
2009-04-16	2.63	2.79	3.12	3.26	3.54	3.68	3.90	4.09	4.27	4.73
2009-04-19	2.67	2.90	3.15	3.29	3.55	3.69	3.90	4.08	4.27	4.70
2009-04-20	2.73	2.91	3.13	3.26	3.50	3.64	3.85	4.02	4.21	4.64
2009-04-21	2.65	2.87	3.11	3.25	3.52	3.65	3.86	4.03	4.22	4.66
2009-04-22	2.59	2.88	3.13	3.31	3.65	3.77	3.97	4.13	4.32	4.73
2009-04-23	2.64	2.93	3.14	3.30	3.62	3.73	3.92	4.08	4.26	4.68
2009-04-26	2.67	2.93	3.19	3.34	3.64	3.75	3.94	4.08	4.26	4.65
2009-04-27	2.70	2.91	3.18	3.35	3.67	3.77	3.96	4.10	4.28	4.67
2009-04-28	2.65	2.89	3.17	3.33	3.64	3.75	3.92	4.06	4.25	4.65
2009-04-29	2.60	2.88	3.15	3.30	3.59	3.67	3.85	3.99	4.19	4.60
2009-04-30	2.70	2.90	3.17	3.33	3.66	3.73	3.90	4.03	4.21	4.61
2009-05-03	2.68	2.93	3.19	3.34	3.64	3.71	3.88	4.02	4.21	4.61
2009-05-04	2.65	2.91	3.19	3.35	3.68	3.73	3.90	4.03	4.21	4.60
2009-05-05	2.59	2.87	3.17	3.32	3.63	3.70	3.87	4.01	4.20	4.64
2009-05-06	2.60	2.81	3.14	3.29	3.58	3.65	3.82	3.98	4.19	4.64
2009-05-07	2.64	2.87	3.19	3.37	3.73	3.80	3.95	4.09	4.28	4.69
2009-05-10	2.66	2.91	3.22	3.40	3.76	3.83	3.99	4.11	4.29	4.69
2009-05-11	2.60	2.90	3.20	3.37	3.69	3.79	3.93	4.04	4.23	4.65
2009-05-12	2.60	2.87	3.18	3.35	3.68	3.78	3.91	4.01	4.21	4.61
2009-05-13	2.58	2.88	3.17	3.34	3.66	3.75	3.87	3.99	4.18	4.59
2009-05-14	2.47	2.83	3.13	3.29	3.61	3.71	3.83	3.95	4.12	4.56
2009-05-17	2.48	2.89	3.18	3.33	3.61	3.71	3.83	3.90	4.13	4.56
2009-05-18	2.60	2.88	3.17	3.32	3.61	3.71	3.82	3.88	4.12	4.54
2009-05-19	2.60	2.86	3.15	3.29	3.56	3.67	3.77	3.83	4.07	4.49
2009-05-20	2.63	2.87	3.14	3.31	3.64	3.73	3.84	3.86	4.11	4.52
2009-05-21	2.66	2.90	3.17	3.35	3.69	3.77	3.88	3.89	4.13	4.52
2009-05-24	2.69	2.97	3.19	3.35	3.65	3.73	3.83	3.83	4.07	4.46
2009-05-25	2.82	2.94	3.17	3.32	3.61	3.68	3.78	3.80	4.04	4.43
2009-05-26	2.79	2.95	3.17	3.32	3.61	3.68	3.81	3.85	4.08	4.48
2009-05-27	2.77	2.94	3.15	3.31	3.64	3.72	3.82	3.92	4.08	4.49
2009-05-28	2.77	2.97	3.14	3.31	3.64	3.72	3.82	3.92	4.08	4.49
2009-06-01	2.80	2.99	3.18	3.32	3.60	3.65	3.76	3.86	4.00	4.40
2009-06-02	2.79	2.97	3.12	3.25	3.50	3.55	3.63	3.74	3.91	4.31
2009-06-03	2.80	2.97	3.13	3.26	3.52	3.56	3.65	3.74	3.89	4.28
2009-06-04	2.82	3.01	3.13	3.28	3.57	3.63	3.73	3.83	3.98	4.34
2009-06-07	2.83	3.02	3.15	3.30	3.59	3.64	3.73	3.82	3.96	4.31
2009-06-08	2.82	3.02	3.14	3.28	3.57	3.62	3.70	3.78	3.92	4.26
2009-06-09	2.83	3.02	3.15	3.30	3.60	3.65	3.73	3.81	3.95	4.29
2009-06-10	2.81	2.99	3.14	3.31	3.64	3.68	3.76	3.84	3.98	4.31
2009-06-11	2.82	3.01	3.14	3.33	3.71	3.75	3.84	3.92	4.05	4.39
2009-06-14	2.82	3.03	3.22	3.38	3.71	3.77	3.87	3.96	4.09	4.44
2009-06-15	2.78	3.01	3.22	3.39	3.71	3.78	3.89	3.99	4.13	4.49
2009-06-16	2.78	3.00	3.22	3.39	3.72	3.79	3.90	3.99	4.12	4.49
2009-06-17	2.76	2.98	3.21	3.38	3.70	3.76	3.87	3.96	4.09	4.45
2009-06-18	2.79	2.99	3.23	3.39	3.72	3.76	3.88	3.97	4.09	4.44
2009-06-21	2.81	3.02	3.26	3.42	3.72	3.78	3.88	3.98	4.11	4.46
2009-06-22	2.85	3.02	3.28	3.42	3.71	3.75	3.84	3.93	4.06	4.40
2009-06-23	2.84	3.03	3.25	3.37	3.62	3.65	3.72	3.81	3.95	4.31
2009-06-24	2.79	3.07	3.27	3.39	3.63	3.66	3.74	3.82	3.96	4.32
2009-06-25	2.78	3.09	3.27	3.38	3.59	3.63	3.69	3.78	3.92	4.28
2009-06-28	2.85	3.15	3.33	3.42	3.60	3.62	3.69	3.77	3.90	4.25
2009-06-29	2.99	3.14	3.35	3.46	3.65	3.68	3.76	3.84	3.97	4.30
2009-06-30	2.95	3.13	3.33	3.44	3.65	3.69	3.77	3.85	3.99	4.33
2009-07-01	2.99	3.13	3.34	3.45	3.66	3.67	3.72	3.80	3.94	4.28
2009-07-02	3.02	3.17	3.38	3.51	3.76	3.77	3.84	3.92	4.06	4.37
2009-07-06	3.03	3.22	3.43	3.55	3.79	3.82	3.90	3.98	4.11	4.43
2009-07-07	3.04	3.19	3.41	3.53	3.77	3.80	3.86	3.95	4.08	4.40
2009-07-08	3.00	3.15	3.37	3.48	3.71	3.75	3.83	3.92	4.05	4.37
2009-07-09	2.99	3.17	3.39	3.52	3.78	3.82	3.89	3.98	4.11	4.42
2009-07-12	2.98	3.19	3.46	3.58	3.81	3.85	3.91	3.99	4.11	4.42
2009-07-13	3.02	3.21	3.48	3.59	3.82	3.88	3.94	4.03	4.15	4.46
2009-07-14	3.03	3.22	3.46	3.59	3.84	3.89	3.96	4.04	4.17	4.47
2009-07-15	3.04	3.23	3.47	3.60	3.86	3.91	3.98	4.06	4.19	4.49
2009-07-16	3.04	3.26	3.48	3.61	3.86	3.92	3.98	4.06	4.18	4.47
2009-07-19	3.06	3.30	3.54	3.66	3.89	3.94	4.01	4.10	4.22	4.53
2009-07-20	3.13	3.31	3.54	3.65	3.88	3.93	3.99	4.07	4.20	4.50
2009-07-21	3.11	3.30	3.54	3.66	3.90	3.93	3.99	4.06	4.17	4.47
2009-07-22	3.13	3.35	3.60	3.72	3.96	4.01	4.09	4.16	4.28	4.58
2009-07-23	3.16	3.38	3.61	3.72	3.92	3.97	4.04	4.11	4.23	4.52
2009-07-26	3.20	3.44	3.68	3.77	3.95	3.99	4.06	4.14	4.25	4.53
2009-07-27	3.25	3.43	3.67	3.76	3.95	4.00	4.06	4.14	4.24	4.53
2009-07-28	3.23	3.40	3.67	3.77	3.99	4.04	4.09	4.16	4.27	4.55
2009-07-29	3.25	3.41	3.66	3.75	3.96	4.00	4.04	4.10	4.20	4.48
2009-07-30	3.25	3.42	3.69	3.80	4.02	4.06	4.12	4.19	4.28	4.56
2009-08-02	3.30	3.48	3.73	3.83	4.04	4.09	4.16	4.22	4.32	4.59
2009-08-03	3.35	3.49	3.73	3.84	4.06	4.10	4.17	4.24	4.34	4.62
2009-08-04	3.34	3.46	3.72	3.82	4.02	4.07	4.13	4.20	4.30	4.58
2009-08-05	3.34	3.47	3.72	3.83	4.04	4.09	4.15	4.22	4.32	4.60
2009-08-06	3.35	3.52	3.75	3.87	4.11	4.16	4.24	4.30	4.40	4.66
2009-08-09	3.38	3.54	3.82	3.93	4.16	4.22	4.28	4.34	4.42	4.68
2009-08-10	3.37	3.52	3.79	3.90	4.13	4.19	4.25	4.31	4.41	4.66
2009-08-11	3.38	3.51	3.78	3.90	4.13	4.18	4.24	4.30	4.40	4.65
2009-08-12	3.31	3.51	3.78	3.89	4.10	4.14	4.18	4.24	4.32	4.60
2009-08-13	3.32	3.52	3.79	3.88	4.05	4.08	4.11	4.16	4.24	4.52
2009-08-16	3.28	3.54	3.82	3.91	4.08	4.11	4.15	4.20	4.27	4.53
2009-08-17	3.32	3.54	3.80	3.88	4.03	4.06	4.10	4.15	4.23	4.49
2009-08-18	3.31	3.52	3.80	3.89	4.07	4.10	4.15	4.20	4.28	4.53
2009-08-19	3.30	3.50	3.78	3.86	4.01	4.04	4.08	4.13	4.21	4.48
2009-08-20	3.33	3.52	3.81	3.89	4.03	4.05	4.08	4.13	4.21	4.47
2009-08-23	3.34	3.53	3.82	3.89	4.03	4.06	4.08	4.14	4.22	4.48
2009-08-24	3.34	3.53	3.81	3.88	4.01	4.03	4.07	4.12	4.20	4.46
2009-08-25	3.34	3.53	3.81	3.87	3.99	4.03	4.06	4.11	4.19	4.46
2009-08-26	3.34	3.54	3.81	3.87	4.00	4.03	4.06	4.11	4.18	4.45
2009-08-27	3.36	3.55	3.82	3.90	4.06	4.07	4.09	4.13	4.20	4.46
2009-08-30	3.42	3.54	3.83	3.91	4.06	4.07	4.08	4.13	4.20	4.45
2009-08-31	3.40	3.54	3.79	3.85	3.97	4.01	4.03	4.08	4.16	4.43
2009-09-01	3.41	3.52	3.74	3.77	3.84	3.83	3.87	3.93	4.02	4.30
2009-09-02	3.35	3.48	3.62	3.66	3.72	3.80	3.85	3.91	4.02	4.31
2009-09-03	3.38	3.46	3.63	3.67	3.75	3.79	3.85	3.92	4.03	4.33
2009-09-07	3.39	3.52	3.70	3.73	3.80	3.83	3.89	3.97	4.09	4.39
2009-09-08	3.36	3.49	3.73	3.77	3.87	3.89	3.93	4.01	4.15	4.46
2009-09-09	3.31	3.48	3.73	3.77	3.87	3.89	3.94	4.03	4.15	4.45
2009-09-10	3.32	3.49	3.73	3.78	3.88	3.90	3.94	4.01	4.14	4.45
2009-09-13	3.33	3.51	3.79	3.83	3.92	3.93	3.98	4.06	4.18	4.50
2009-09-14	3.30	3.47	3.77	3.81	3.88	3.88	3.93	4.01	4.14	4.47
2009-09-15	3.25	3.42	3.76	3.81	3.90	3.91	3.96	4.04	4.17	4.50
2009-09-16	3.23	3.45	3.77	3.81	3.90	3.93	3.99	4.08	4.22	4.56
2009-09-17	3.23	3.50	3.81	3.86	3.97	4.00	4.05	4.13	4.26	4.61
2009-09-20	3.23	3.58	3.84	3.87	3.93	3.95	4.02	4.11	4.25	4.60
2009-09-21	3.29	3.61	3.89	3.92	4.00	4.01	4.06	4.14	4.26	4.59
2009-09-22	3.02	3.41	3.83	3.88	3.96	3.96	4.01	4.08	4.19	4.52
2009-09-23	2.99	3.47	3.81	3.86	3.95	3.95	3.99	4.07	4.19	4.52
2009-09-24	3.06	3.48	3.82	3.89	4.02	4.03	4.07	4.14	4.25	4.57
2009-09-27	3.19	3.52	3.88	3.95	4.07	4.08	4.11	4.18	4.30	4.60
2009-09-28	3.15	3.49	3.87	3.95	4.08	4.09	4.13	4.20	4.30	4.60
2009-09-29	3.12	3.46	3.87	3.95	4.09	4.09	4.11	4.17	4.26	4.55
2009-09-30	3.09	3.54	3.89	3.97	4.13	4.13	4.14	4.20	4.29	4.59
2009-10-01	3.15	3.55	3.93	4.01	4.18	4.18	4.18	4.23	4.34	4.62
2009-10-04	3.22	3.61	4.02	4.09	4.21	4.23	4.25	4.31	4.39	4.67
2009-10-05	3.35	3.63	4.02	4.09	4.22	4.22	4.24	4.30	4.38	4.66
2009-10-06	3.34	3.58	4.00	4.07	4.21	4.20	4.23	4.28	4.36	4.63
2009-10-07	3.34	3.61	4.00	4.07	4.20	4.21	4.23	4.28	4.37	4.64
2009-10-08	3.35	3.63	4.00	4.06	4.18	4.19	4.23	4.28	4.35	4.62
2009-10-12	3.41	3.73	4.10	4.14	4.22	4.23	4.27	4.32	4.39	4.65
2009-10-13	3.49	3.70	4.10	4.14	4.24	4.27	4.32	4.37	4.45	4.71
2009-10-14	3.50	3.75	4.09	4.14	4.24	4.27	4.32	4.38	4.48	4.77
2009-10-15	3.49	3.78	4.08	4.15	4.27	4.30	4.34	4.40	4.48	4.76
2009-10-18	3.53	3.86	4.17	4.21	4.29	4.31	4.36	4.41	4.50	4.77
2009-10-19	3.57	3.85	4.15	4.19	4.27	4.30	4.34	4.40	4.49	4.78
2009-10-20	3.57	3.86	4.15	4.18	4.25	4.28	4.32	4.38	4.47	4.76
2009-10-21	3.46	3.85	4.16	4.20	4.27	4.29	4.33	4.38	4.46	4.75
2009-10-22	3.48	3.87	4.16	4.18	4.22	4.23	4.26	4.31	4.39	4.68
2009-10-25	3.51	3.92	4.20	4.22	4.25	4.28	4.32	4.37	4.45	4.74
2009-10-26	3.71	3.93	4.21	4.26	4.34	4.36	4.41	4.46	4.54	4.80
2009-10-27	3.70	3.90	4.21	4.27	4.38	4.42	4.46	4.52	4.60	4.87
2009-10-28	3.72	3.88	4.20	4.26	4.36	4.39	4.43	4.49	4.57	4.84
2009-10-29	3.75	3.93	4.22	4.28	4.40	4.42	4.46	4.51	4.58	4.84
2009-11-01	3.77	3.98	4.26	4.31	4.40	4.41	4.45	4.49	4.57	4.84
2009-11-02	3.78	3.96	4.25	4.31	4.42	4.44	4.47	4.51	4.58	4.85
2009-11-03	3.77	3.94	4.25	4.31	4.43	4.46	4.50	4.54	4.61	4.88
2009-11-04	3.81	3.94	4.27	4.33	4.47	4.50	4.55	4.59	4.65	4.94
2009-11-05	3.80	3.98	4.27	4.34	4.47	4.50	4.56	4.60	4.66	4.95
2009-11-08	3.81	3.96	4.31	4.36	4.47	4.50	4.55	4.59	4.65	4.93
2009-11-09	3.88	3.96	4.30	4.34	4.43	4.47	4.49	4.52	4.57	4.86
2009-11-10	3.91	3.99	4.32	4.37	4.49	4.53	4.55	4.58	4.64	4.93
2009-11-11	3.89	3.97	4.30	4.34	4.44	4.48	4.49	4.51	4.55	4.85
2009-11-15	3.93	4.02	4.35	4.40	4.50	4.52	4.54	4.57	4.61	4.90
2009-11-16	4.01	4.01	4.34	4.38	4.47	4.50	4.51	4.52	4.56	4.83
2009-11-17	4.00	4.00	4.30	4.34	4.42	4.43	4.43	4.45	4.49	4.77
2009-11-18	3.98	4.01	4.30	4.32	4.37	4.39	4.39	4.42	4.46	4.75
2009-11-19	3.95	4.01	4.31	4.34	4.40	4.41	4.43	4.45	4.50	4.79
2009-11-22	3.93	4.00	4.30	4.33	4.39	4.39	4.39	4.42	4.46	4.76
2009-11-23	3.94	3.93	4.23	4.26	4.32	4.33	4.34	4.37	4.43	4.76
2009-11-24	3.94	3.95	4.29	4.31	4.36	4.36	4.38	4.41	4.47	4.80
2009-11-26	3.91	3.95	4.27	4.29	4.33	4.33	4.34	4.37	4.43	4.76
2009-11-29	3.94	3.98	4.31	4.32	4.33	4.32	4.32	4.35	4.41	4.71
2009-11-30	3.99	3.98	4.32	4.35	4.40	4.40	4.40	4.42	4.48	4.78
2009-12-01	4.00	3.95	4.31	4.34	4.42	4.41	4.42	4.45	4.49	4.81
2009-12-02	3.99	3.97	4.32	4.36	4.45	4.44	4.45	4.47	4.52	4.83
2009-12-03	4.00	3.99	4.31	4.35	4.43	4.43	4.45	4.48	4.52	4.81
2009-12-06	4.01	4.04	4.35	4.39	4.47	4.48	4.50	4.53	4.57	4.85
2009-12-07	3.84	4.04	4.33	4.36	4.42	4.41	4.42	4.44	4.49	4.79
2009-12-08	3.84	4.03	4.32	4.35	4.42	4.42	4.43	4.46	4.52	4.80
2009-12-09	3.67	3.94	4.27	4.30	4.37	4.36	4.36	4.39	4.47	4.75
2009-12-10	3.62	3.94	4.27	4.33	4.43	4.43	4.44	4.47	4.54	4.83
2009-12-13	3.59	3.90	4.34	4.38	4.45	4.45	4.46	4.49	4.56	4.82
2009-12-14	3.61	3.91	4.34	4.37	4.43	4.43	4.44	4.47	4.54	4.81
2009-12-15	3.61	3.89	4.30	4.32	4.37	4.36	4.36	4.38	4.45	4.73
2009-12-16	3.60	3.93	4.31	4.33	4.37	4.37	4.38	4.41	4.47	4.75
2009-12-17	3.56	3.93	4.30	4.32	4.37	4.35	4.36	4.39	4.45	4.72
2009-12-20	3.56	3.96	4.37	4.38	4.38	4.37	4.37	4.39	4.45	4.72
2009-12-21	3.55	3.95	4.37	4.39	4.42	4.41	4.40	4.41	4.47	4.74
2009-12-22	3.56	3.98	4.35	4.38	4.43	4.43	4.42	4.44	4.49	4.75
2009-12-23	3.55	3.98	4.32	4.35	4.40	4.38	4.38	4.39	4.44	4.69
2009-12-24	3.48	3.99	4.32	4.33	4.37	4.34	4.32	4.33	4.38	4.63
2009-12-28	3.51	3.98	4.35	4.35	4.35	4.31	4.30	4.31	4.34	4.58
2009-12-29	3.57	3.95	4.33	4.34	4.37	4.34	4.32	4.34	4.38	4.62
2009-12-30	3.67	4.01	4.34	4.35	4.38	4.35	4.33	4.34	4.37	4.60
2009-12-31	4.01	4.08	4.37	4.38	4.41	4.37	4.35	4.36	4.39	4.61
2010-01-04	4.05	4.16	4.40	4.38	4.34	4.30	4.30	4.32	4.37	4.62
2010-01-05	4.03	4.19	4.37	4.35	4.31	4.28	4.28	4.31	4.36	4.60
2010-01-06	4.05	4.20	4.37	4.36	4.32	4.29	4.29	4.31	4.36	4.61
2010-01-07	4.06	4.22	4.39	4.38	4.36	4.32	4.32	4.33	4.38	4.63
2010-01-10	4.09	4.23	4.40	4.39	4.36	4.32	4.32	4.34	4.38	4.63
2010-01-11	4.15	4.29	4.42	4.42	4.41	4.36	4.36	4.38	4.43	4.68
2010-01-12	4.16	4.30	4.45	4.44	4.44	4.39	4.39	4.41	4.46	4.70
2010-01-13	4.16	4.32	4.43	4.42	4.39	4.35	4.35	4.37	4.42	4.66
2010-01-14	4.13	4.33	4.43	4.40	4.34	4.29	4.28	4.30	4.36	4.59
2010-01-18	4.11	4.38	4.47	4.42	4.33	4.28	4.27	4.29	4.34	4.57
2010-01-19	4.04	4.35	4.46	4.42	4.33	4.29	4.28	4.30	4.34	4.58
2010-01-20	3.98	4.35	4.47	4.43	4.37	4.32	4.31	4.33	4.38	4.61
2010-01-21	3.95	4.35	4.48	4.44	4.37	4.32	4.31	4.32	4.37	4.59
